[
	{
		"id": "7j3qat7vj0",
		"nrOfEpochs": 20,
		"epochs": [ 2, 2, 2, 3, 4, 4, 5, 5 | 6, 7, 8, 9, 10, 11, 12, 13, 14, 15, 16, 17, 18, 19 ],
		"loss": [ 1.537602, 1.034783, 0.970241, 0.939617, 0.892831, 0.909726, 0.871269, 0.893708 | 0.886224, 0.880553, 0.875031, 0.869592, 0.864603, 0.860640, 0.857670, 0.855360, 0.853501, 0.851967, 0.850655, 0.849522, 0.848506, 0.847587 ],
		"servers": [ 1, 1, 1, 2, 1, 1, 2, 2 | 1, 1, 1, 1, 1, 1, 1, 1, 1, 1, 1, 1, 1, 1 ],
		"workers": [ 1, 1, 1, 1, 2, 2, 2, 2 | 1, 1, 1, 1, 1, 1, 1, 1, 1, 1, 1, 1, 1, 1 ],
		"cost": [ 0.600437, 1.097352, 110337.312938, 56246.538533, 161783.001933, 161783.001933, 108146.798046, 108146.798046 | 49382.925305, 49382.959748, 142265.588896, 98331.857718, 98331.866136, 85792.912571, 85792.890997, 66674.280159, 66674.261341, 46323.944284, 46323.931164, 99598.407008, 99598.395049, 69646.824149 ],
		"time": [ 9.992159, 26.558454, 27.168299, 32.105705, 66.897277, 66.910828, 62.396572, 62.426558 | 27.446934, 28.593955, 27.375882, 25.851789, 26.132682, 25.559399, 24.833919, 26.118994, 25.483535, 26.676435, 26.237186, 25.795638, 25.371843, 25.856518 ],
		"startTime": "2021-05-10 12:52:48.48946684 +0200 CEST m=+0.013350217",
		"EndTime": "2021-05-10 13:06:37.102486888 +0200 CEST m=+828.626370288",
		"totalTime":8.28613020071E+02
	},
	{
		"id": "l0arjxpnve",
		"nrOfEpochs": 20,
		"epochs": [ 2, 2, 2, 3, 4, 4, 5, 5 | 6, 7, 8, 9, 10, 11, 12, 13, 14, 15, 16, 17, 18, 19 ],
		"loss": [ 1.537602, 1.034783, 0.970241, 0.939617, 0.892831, 0.909726, 0.871269, 0.893708 | 0.886224, 0.880553, 0.875031, 0.869592, 0.864603, 0.860640, 0.857670, 0.855360, 0.853501, 0.851967, 0.850655, 0.849522, 0.848506, 0.847587 ],
		"servers": [ 1, 1, 1, 2, 1, 1, 2, 2 | 1, 1, 1, 1, 1, 1, 1, 1, 1, 1, 1, 1, 1, 1 ],
		"workers": [ 1, 1, 1, 1, 2, 2, 2, 2 | 1, 1, 1, 1, 1, 1, 1, 1, 1, 1, 1, 1, 1, 1 ],
		"cost": [ 0.596288, 1.045176, 153273.305542, 153273.632584, 151205.281090, 151205.281090, 63806.339129, 63806.339129 | 11586.515850, 11586.527541, 137405.713534, 137405.695102, 155097.647118, 155097.667203, 104564.039932, 148420.909928, 148420.895992, 120943.231796, 120943.237870, 85719.987860, 85719.986627, 99142.398775 ],
		"time": [ 9.853835, 24.819601, 25.670549, 24.899354, 36.781091, 36.798897, 37.566816, 37.589421 | 25.012299, 25.403230, 25.373807, 24.744383, 24.885647, 25.560518, 25.379558, 25.503907, 25.040427, 24.825693, 25.029601, 25.075942, 25.138914, 25.111823 ],
		"startTime": "2021-05-10 12:52:48.48946684 +0200 CEST m=+0.013350217",
		"EndTime": "2021-05-10 13:06:31.569318332 +0200 CEST m=+823.093201842",
		"totalTime":8.23079851625E+02
	},
	{
		"id": "9b9zk56482",
		"nrOfEpochs": 20,
		"epochs": [ 2, 2, 2, 3, 4, 4, 5, 5 | 6, 7, 8, 9, 10, 11, 12, 13, 14, 15, 16, 17, 18, 19 ],
		"loss": [ 1.537602, 1.034783, 0.970241, 0.939617, 0.892831, 0.909726, 0.871269, 0.893708 | 0.886224, 0.880553, 0.875031, 0.869592, 0.864603, 0.860640, 0.857670, 0.855360, 0.853501, 0.851967, 0.850655, 0.849522, 0.848506, 0.847587 ],
		"servers": [ 1, 1, 1, 2, 1, 1, 2, 2 | 1, 1, 1, 2, 2, 2, 2, 2, 2, 2, 2, 2, 2, 2 ],
		"workers": [ 1, 1, 1, 1, 2, 2, 2, 2 | 1, 1, 1, 1, 1, 1, 1, 1, 1, 1, 1, 1, 1, 1 ],
		"cost": [ 0.630230, 105456.530479, 105456.526685, 32162.675521, 156728.424581, 156728.424581, 183467.054352, 183467.054352 | 46.382118, 106658.950775, 106658.940328, 49806.862714, 49806.844085, 150518.492875, 150518.483683, 105565.088336, 105565.096114, 59532.474539, 59532.459004, 59422.391259, 59422.372819, 127375.608908 ],
		"time": [ 10.989066, 32.120254, 31.991241, 26.149999, 61.593033, 61.651722, 53.285838, 53.339928 | 33.855082, 33.607466, 33.263260, 24.577982, 24.113844, 24.906509, 24.677510, 24.279246, 24.479534, 25.205144, 24.818337, 25.300424, 24.841387, 24.347034 ],
		"startTime": "2021-05-10 12:52:48.48946684 +0200 CEST m=+0.013350217",
		"EndTime": "2021-05-10 13:06:42.62885357 +0200 CEST m=+834.152736985",
		"totalTime":8.34139386768E+02
	}
]