[
	{
		"id": "ud0d8uqlde",
		"nrOfEpochs": 20,
		"epochs": [ 2, 2, 2, 3, 4, 4, 5, 5 | 6, 7, 8, 9, 10, 11, 12, 13, 14, 15, 16, 17, 18, 19 ],
		"loss": [ 1.537602, 1.034783, 0.970241, 0.939617, 0.892831, 0.909726, 0.871269, 0.893708 | 0.886224, 0.880553, 0.875031, 0.869592, 0.864603, 0.860640, 0.857670, 0.855360, 0.853501, 0.851967, 0.850655, 0.849522, 0.848506, 0.847587 ],
		"servers": [ 1, 1, 1, 2, 1, 1, 2, 2 | 1, 1, 1, 1, 1, 1, 1, 1, 1, 1, 1, 1, 1, 1 ],
		"workers": [ 1, 1, 1, 1, 2, 2, 2, 2 | 1, 1, 1, 1, 1, 1, 1, 1, 1, 1, 1, 1, 1, 1 ],
		"cost": [ 0.596820, 1.032271, 129093.603386, 129093.949586, 149898.802842, 149898.802842, 110021.670936, 110021.670936 | 74608.414319, 70559.720059, 70559.734259, 96464.938897, 96464.931420, 115158.891232, 115158.900495, 154367.819865, 154367.809665, 89168.958717, 89168.970124, 71149.945431, 71149.939894, 122691.487165 ],
		"time": [ 9.874630, 24.391383, 25.196759, 25.048967, 35.612756, 35.618399, 36.263288, 36.264224 | 25.419995, 24.357523, 24.839591, 25.158840, 24.908830, 24.677405, 24.969186, 25.459419, 25.116515, 24.880461, 25.261479, 25.331988, 25.143412, 25.212536 ],
		"startTime": "2021-05-10 12:14:12.930921044 +0200 CEST m=+0.013491887",
		"EndTime": "2021-05-10 12:24:28.437469279 +0200 CEST m=+615.520040152",
		"totalTime":6.15506548265E+02
	},
	{
		"id": "2g8zi4co9k",
		"nrOfEpochs": 20,
		"epochs": [ 2, 2, 2, 3, 4, 4, 5, 5 | 6, 7, 8, 9, 10, 11, 12, 13, 14, 15, 16, 17, 18, 19 ],
		"loss": [ 1.537602, 1.034783, 0.970241, 0.939617, 0.909726, 0.892831, 0.893708, 0.871269 | 0.886224, 0.880553, 0.875031, 0.869592, 0.864603, 0.860640, 0.857670, 0.855360, 0.853501, 0.851967, 0.850655, 0.849522, 0.848506, 0.847587 ],
		"servers": [ 1, 1, 1, 2, 1, 1, 2, 2 | 1, 1, 1, 1, 1, 1, 1, 1, 1, 1, 1, 1, 1, 1 ],
		"workers": [ 1, 1, 1, 1, 2, 2, 2, 2 | 1, 1, 1, 1, 1, 1, 1, 1, 1, 1, 1, 1, 1, 1 ],
		"cost": [ 0.591270, 1.048706, 103168.683011, 103169.060453, 155339.023246, 155339.023246, 214495.290455, 214495.290455 | 121770.155094, 144074.829154, 144074.797314, 146644.200596, 146644.213367, 143100.250185, 143100.248937, 123214.662596, 123214.666001, 150738.532836, 150738.537928, 80141.207679, 80141.195771, 46698.664673 ],
		"time": [ 9.675070, 24.940285, 24.388278, 25.206119, 35.301654, 35.329842, 37.585325, 37.602962 | 25.115565, 25.772225, 24.707231, 25.102007, 25.552451, 24.500968, 24.459711, 24.841604, 24.951686, 24.883348, 25.053031, 25.562050, 25.164967, 25.199149 ],
		"startTime": "2021-05-10 12:14:12.930921044 +0200 CEST m=+0.013491887",
		"EndTime": "2021-05-10 12:24:33.876465845 +0200 CEST m=+620.959036722",
		"totalTime":6.20945544835E+02
	}
]