[
	{
		"id": "7348vrbgq6",
		"nrOfEpochs": 15,
		"epochs": [ 2, 2, 2, 3, 4, 4, 5, 5 | 6, 6, 7, 7, 8, 8, 9, 9, 10, 10, 11, 11, 12, 12, 13, 13, 14, 14 ],
		"loss": [ 1.537602, 1.034783, 0.970241, 0.939617, 0.892831, 0.909726, 0.893708, 0.871269 | 0.861142, 0.883478, 0.875235, 0.854904, 0.850104, 0.864973, 0.846174, 0.858278, 0.854886, 0.842719, 0.853406, 0.839560, 0.849770, 0.836528, 0.833655, 0.842584, 0.830803, 0.838668 ],
		"servers": [ 1, 1, 1, 2, 1, 1, 2, 2 | 2, 2, 2, 2, 2, 2, 2, 2, 2, 2, 2, 2, 2, 2, 2, 2, 2, 2 ],
		"workers": [ 1, 1, 1, 1, 2, 2, 2, 2 | 2, 2, 2, 2, 2, 2, 2, 2, 2, 2, 2, 2, 2, 2, 2, 2, 2, 2 ],
		"cost": [ 0.591980, 122945.933081, 122945.953792, 122946.291923, 103612.592520, 103612.592520, 45828.075185, 45828.075185 | 239744.024980, 239744.024980, 239744.096011, 239744.096011, 242938.486129, 242938.486129, 177417.408115, 177417.408115, 221665.875625, 221665.875625, 221665.808062, 221665.808062, 242856.482665, 242856.482665, 74830.369405, 74830.369405, 246646.173949, 246646.173949 ],
		"time": [ 9.711823, 24.447934, 25.136296, 24.803215, 34.620539, 34.630829, 37.314510, 37.337558 | 36.583791, 36.586993, 37.991254, 38.000246, 37.762760, 37.768331, 36.538184, 36.555181, 38.525292, 38.546564, 37.109065, 37.114286, 37.271950, 37.281814, 37.206935, 37.207942, 37.993041, 38.017741 ],
		"startTime": "2021-05-10 12:33:27.875156735 +0200 CEST m=+0.013116565",
		"EndTime": "2021-05-10 12:44:27.941858474 +0200 CEST m=+660.079818345",
		"totalTime":6.6006670178E+02
	},
	{
		"id": "vm47163ins",
		"nrOfEpochs": 15,
		"epochs": [ 2, 2, 2, 3, 4, 4, 5, 5 | 6, 6, 7, 7, 8, 8, 9, 9, 10, 10, 11, 11, 12, 12, 13, 13, 14, 14 ],
		"loss": [ 1.537602, 1.034783, 0.970241, 0.939617, 0.909726, 0.892831, 0.893708, 0.871269 | 0.883478, 0.861142, 0.875235, 0.854904, 0.868315, 0.850104, 0.846174, 0.858946, 0.842719, 0.853252, 0.850239, 0.839560, 0.848943, 0.836528, 0.845704, 0.833655, 0.840878, 0.830803 ],
		"servers": [ 1, 1, 1, 2, 1, 1, 2, 2 | 2, 2, 2, 2, 2, 2, 2, 2, 2, 2, 2, 2, 2, 2, 2, 2, 2, 2 ],
		"workers": [ 1, 1, 1, 1, 2, 2, 2, 2 | 2, 2, 2, 2, 2, 2, 2, 2, 2, 2, 2, 2, 2, 2, 2, 2, 2, 2 ],
		"cost": [ 0.596593, 1.053665, 109969.598791, 109969.946457, 125291.656502, 125291.656502, 116223.407438, 116223.407438 | 205493.086157, 205493.086157, 205493.067499, 205493.067499, 207586.449748, 207586.449748, 86753.660197, 86753.660197, 239361.588953, 239361.588953, 239361.599253, 239361.599253, 219817.329189, 219817.329189, 240957.064791, 240957.064791, 240957.000206, 240957.000206 ],
		"time": [ 9.867989, 25.103359, 24.503919, 24.546634, 37.150989, 37.211675, 41.587523, 41.602306 | 37.435514, 37.449893, 37.075546, 37.079599, 39.452762, 39.461058, 37.529736, 37.537159, 37.957313, 37.966736, 38.180491, 38.193244, 36.723793, 36.750130, 39.244343, 39.261994, 37.963724, 37.967287 ],
		"startTime": "2021-05-10 12:33:27.875156735 +0200 CEST m=+0.013116565",
		"EndTime": "2021-05-10 12:44:17.268960376 +0200 CEST m=+649.406920319",
		"totalTime":6.49393803754E+02
	}
]