[
	{
		"id": "zjn7dvsmm1",
		"nrOfEpochs": 85,
		"epochs": [ 2, 2, 2, 3, 4, 4, 5, 5 | 6, 7, 8, 9, 74, 75, 76, 77, 78, 79, 80, 81, 82, 83, 84 ],
		"loss": [ 1.537602, 1.133112, 1.074253, 1.044879, 1.003999, 0.959362, 0.924943, 0.983012 | 0.978038, 0.969871, 0.963045, 0.960979, 0.866884, 0.857170, 0.850185, 0.844346, 0.839678, 0.836067, 0.833325, 0.831246, 0.829605, 0.828262, 0.827150 ],
		"servers": [ 1, 1, 1, 2, 1, 1, 2, 2 | 1, 1, 1, 1, 1, 1, 1, 1, 2, 1, 1, 1, 1, 1, 1 ],
		"workers": [ 1, 1, 1, 1, 2, 2, 2, 2 | 1, 1, 1, 1, 1, 1, 1, 1, 1, 1, 1, 1, 1, 1, 1 ],
		"cost": [ 0.657260, 1.196739, 97792.524617, 88991.301304, 143662.571194, 143662.571194, 143156.408090, 143156.408090 | 70457.412357, 70678.004521, 70677.965669, 96653.680412, 53203.753203, 45706.482576, 95751.574123, 103632.590403, 127202.955026, 111921.731800, 52411.916105, 81479.387370, 38357.438815, 82183.068786, 57243.665416 ],
		"time": [ 11.891471, 29.877636, 29.182770, 31.260422, 55.300784, 55.310906, 51.921193, 51.969976 | 29.312529, 29.177210, 27.879698, 27.890385, 62.864317, 61.749572, 62.423712, 62.394915, 57.937917, 62.268545, 62.543047, 60.592929, 59.633933, 59.080217, 59.946452 ],
		"startTime": "2021-04-29 11:43:12.701967131 +0200 CEST m=+0.013591344",
		"EndTime": "2021-04-29 12:11:07.494113016 +0200 CEST m=+1674.805737272",
		"totalTime":1.674792145928E+03
	},
	{
		"id": "y0g5db5pxp",
		"nrOfEpochs": 40,
		"epochs": [ 2, 2, 2, 3, 4, 4, 5, 5 | 6, 7, 8, 9, 10, 11, 12, 13, 14, 15, 16, 17, 18, 19, 20, 21, 22, 23, 24, 25, 26, 27, 28, 29, 30, 31, 32, 33, 34, 35, 36, 37, 38, 39 ],
		"loss": [ 1.537602, 1.034783, 0.970241, 0.939617, 0.909726, 0.892831, 0.871269, 0.893708 | 0.886224, 0.880553, 0.875031, 0.869592, 0.864603, 0.860640, 0.857670, 0.855360, 0.853501, 0.851967, 0.850655, 0.849522, 0.848506, 0.847587, 0.846727, 0.845904, 0.845105, 0.844324, 0.843554, 0.842810, 0.842064, 0.841264, 0.840435, 0.839555, 0.838633, 0.837611, 0.836491, 0.835229, 0.833847, 0.832357, 0.830839, 0.829428, 0.828194, 0.827167 ],
		"servers": [ 1, 1, 1, 2, 1, 1, 2, 2 | 1, 1, 1, 1, 1, 1, 1, 1, 1, 1, 1, 1, 1, 1, 1, 1, 1, 1, 1, 1, 1, 1, 1, 1, 1, 1, 1, 1, 1, 1, 1, 1, 1, 1 ],
		"workers": [ 1, 1, 1, 1, 2, 2, 2, 2 | 1, 1, 1, 1, 1, 1, 1, 1, 1, 1, 1, 1, 1, 1, 1, 1, 1, 1, 1, 1, 1, 1, 1, 1, 1, 1, 1, 1, 1, 1, 1, 1, 1, 1 ],
		"cost": [ 0.605597, 1.278862, 137284.866332, 112432.761869, 167432.428513, 167432.428513, 174878.567920, 174878.567920 | 110216.689200, 69049.680362, 69049.652393, 136412.248705, 71717.326653, 71717.402099, 123237.889699, 123237.906263, 150955.773040, 150955.759953, 122928.421697, 109631.772001, 109631.768410, 37752.264622, 37752.232794, 103045.414028, 103045.419055, 146100.012052, 146100.020801, 83762.434792, 77555.893577, 77555.892434, 41208.804011, 41208.797172, 128500.811890, 92241.895394, 92241.937027, 99409.389797, 99409.456798, 114979.731483, 114979.745379, 137502.608158, 150849.763611, 150849.741059 ],
		"time": [ 10.169335, 32.614797, 31.386960, 31.446346, 50.691520, 50.700851, 50.844344, 50.852006 | 32.651461, 30.044402, 29.266339, 29.891955, 25.082355, 27.598345, 24.481569, 25.030752, 25.183211, 24.745309, 24.710992, 24.259517, 24.142194, 25.326922, 24.267611, 24.312324, 24.477803, 24.691148, 24.984097, 25.262232, 26.815293, 26.776724, 27.164126, 26.950227, 27.048321, 25.933791, 27.326016, 26.683568, 28.916349, 27.133111, 27.595029, 26.354935, 27.699282, 26.947772 ],
		"startTime": "2021-04-29 11:43:12.701967131 +0200 CEST m=+0.013591344",
		"EndTime": "2021-04-29 12:06:53.626587486 +0200 CEST m=+1420.938211755",
		"totalTime":1.420924620411E+03
	}
]