[
	{
		"id": "dtxry4tu6v",
		"nrOfEpochs": 14,
		"epochs": [ 2, 2, 2, 3, 4, 4, 5, 5 | 6, 6, 7, 7, 8, 8, 9, 9, 10, 10, 11, 11, 12, 12, 13, 13 ],
		"loss": [ 1.537602, 1.034783, 0.970241, 0.939617, 0.909726, 0.892831, 0.871269, 0.893708 | 0.861142, 0.883478, 0.875235, 0.854904, 0.868315, 0.850104, 0.862687, 0.846174, 0.842719, 0.854000, 0.839560, 0.849028, 0.846296, 0.836528, 0.833655, 0.841013 ],
		"servers": [ 1, 1, 1, 2, 1, 1, 2, 2 | 2, 2, 2, 2, 2, 2, 2, 2, 2, 2, 2, 2, 2, 2, 2, 2 ],
		"workers": [ 1, 1, 1, 1, 2, 2, 2, 2 | 2, 2, 2, 2, 2, 2, 2, 2, 2, 2, 2, 2, 2, 2, 2, 2 ],
		"cost": [ 0.640336, 1.322504, 92844.650206, 96462.112743, 83653.614935, 83653.614935, 160569.209428, 160569.209428 | 69511.481027, 69511.481027, 248324.814108, 248324.814108, 248324.875473, 248324.875473, 86956.291195, 86956.291195, 223553.976450, 223553.976450, 223553.914095, 223553.914095, 165962.395807, 165962.395807, 146704.011698, 146704.011698 ],
		"time": [ 11.324792, 34.065223, 35.397924, 32.248375, 49.095004, 49.125405, 34.821235, 34.857323 | 33.503338, 33.506333, 34.709314, 34.719486, 35.905796, 35.947698, 34.272821, 34.303129, 34.937007, 34.962964, 33.693963, 33.712241, 35.106451, 35.138209, 35.503772, 35.518662 ],
		"startTime": "2021-05-04 10:04:04.718500357 +0200 CEST m=+0.013718161",
		"EndTime": "2021-05-04 10:13:29.378106921 +0200 CEST m=+564.673324764",
		"totalTime":5.64659606603E+02
	},
	{
		"id": "gqxba8rfqw",
		"nrOfEpochs": 14,
		"epochs": [ 2, 2, 2, 3, 4, 4, 5, 5 | 6, 6, 7, 7, 8, 8, 9, 9, 10, 10, 11, 11, 12, 12, 13, 13 ],
		"loss": [ 1.537602, 1.034783, 0.970241, 0.939617, 0.892831, 0.909726, 0.893708, 0.871269 | 0.861142, 0.883478, 0.854904, 0.872900, 0.868315, 0.850104, 0.846174, 0.858479, 0.842719, 0.853158, 0.850127, 0.839560, 0.836528, 0.844418, 0.833655, 0.840858 ],
		"servers": [ 1, 1, 1, 2, 1, 1, 2, 2 | 2, 2, 2, 2, 2, 2, 2, 2, 2, 2, 2, 2, 2, 2, 2, 2 ],
		"workers": [ 1, 1, 1, 1, 2, 2, 2, 2 | 2, 2, 2, 2, 2, 2, 2, 2, 2, 2, 2, 2, 2, 2, 2, 2 ],
		"cost": [ 0.650266, 1.352488, 82825.096209, 112621.833251, 105386.761526, 105386.761526, 137115.608043, 137115.608043 | 44875.729718, 44875.729718, 44875.808439, 44875.808439, 199391.429718, 199391.429718, 99560.867706, 99560.867706, 99560.968482, 99560.968482, 219477.760252, 219477.760252, 117798.617119, 117798.617119, 117798.623760, 117798.623760 ],
		"time": [ 11.658389, 35.063891, 34.559220, 33.581258, 38.297107, 38.316739, 31.957989, 31.977048 | 32.517387, 32.527579, 34.085790, 34.102190, 33.631599, 33.634339, 32.487863, 32.498697, 34.510198, 34.514229, 32.294159, 32.327451, 33.353877, 33.355276, 33.454741, 33.486288 ],
		"startTime": "2021-05-04 10:04:04.718500357 +0200 CEST m=+0.013718161",
		"EndTime": "2021-05-04 10:13:13.658748614 +0200 CEST m=+548.953966460",
		"totalTime":5.48940248299E+02
	}
]