[
	{
		"id": "saxmporfd4",
		"nrOfEpochs": 20,
		"epochs": [ 2, 2, 2, 3, 4, 4, 5, 5 | 6, 7, 8, 9, 10, 11, 12, 13, 14, 15, 16, 17, 18, 19 ],
		"loss": [ 1.537602, 1.034783, 0.970241, 0.939617, 0.909726, 0.892831, 0.871269, 0.893708 | 0.886224, 0.880553, 0.875031, 0.869592, 0.864603, 0.860640, 0.857670, 0.855360, 0.853501, 0.851967, 0.850655, 0.849522, 0.848506, 0.847587 ],
		"servers": [ 1, 1, 1, 2, 1, 1, 2, 2 | 1, 1, 1, 1, 1, 1, 1, 2, 1, 1, 1, 1, 1, 2 ],
		"workers": [ 1, 1, 1, 1, 2, 2, 2, 2 | 1, 1, 1, 1, 1, 1, 1, 1, 1, 1, 1, 1, 1, 1 ],
		"cost": [ 0.638915, 110777.950986, 110777.949555, 40388.741352, 162656.245003, 162656.245003, 162656.458912, 162656.458912 | 79224.301498, 101813.024586, 101813.028366, 117149.165801, 53931.105910, 53931.097934, 92019.679012, 31473.896632, 31473.551366, 77245.816143, 50082.121406, 107293.964151, 107293.946539, 18910.242720 ],
		"time": [ 11.085725, 33.866284, 33.816483, 31.772857, 45.359586, 45.381063, 38.423928, 38.432668 | 34.604939, 33.608854, 33.737819, 33.694556, 34.093835, 33.825667, 33.360738, 31.713423, 34.122115, 33.761073, 33.822292, 33.261305, 32.676547, 31.528133 ],
		"startTime": "2021-04-30 12:03:17.554365672 +0200 CEST m=+0.014227760",
		"EndTime": "2021-04-30 12:16:42.932125329 +0200 CEST m=+805.391987462",
		"totalTime":8.05377759702E+02
	},
	{
		"id": "uu5drrhr75",
		"nrOfEpochs": 20,
		"epochs": [ 2, 2, 2, 3, 4, 4, 5, 5 | 6, 7, 8, 9, 10, 11, 12, 13, 14, 15, 16, 17, 18, 19 ],
		"loss": [ 1.537602, 1.034783, 0.970241, 0.939617, 0.909726, 0.892831, 0.871269, 0.893708 | 0.886224, 0.880553, 0.875031, 0.869592, 0.864603, 0.860640, 0.857670, 0.855360, 0.853501, 0.851967, 0.850655, 0.849522, 0.848506, 0.847587 ],
		"servers": [ 1, 1, 1, 2, 1, 1, 2, 2 | 1, 1, 1, 1, 1, 1, 1, 1, 1, 1, 1, 1, 1, 1 ],
		"workers": [ 1, 1, 1, 1, 2, 2, 2, 2 | 1, 1, 1, 1, 1, 1, 1, 1, 1, 1, 1, 1, 1, 1 ],
		"cost": [ 0.594381, 1.067367, 96017.405786, 96018.011995, 103486.551504, 103486.551504, 88260.984918, 88260.984918 | 2082.031102, 2082.032169, 142360.527573, 142360.516469, 118876.768107, 94652.628003, 94652.591094, 88936.046700, 88936.077317, 116328.679952, 79248.173791, 79248.168669, 65092.136962, 65092.101847 ],
		"time": [ 9.796945, 25.562651, 26.185237, 32.291117, 35.833163, 35.872008, 35.424549, 35.446615 | 26.312757, 26.347982, 26.179440, 25.807043, 27.264684, 27.438894, 26.209809, 25.319964, 26.341522, 27.700913, 27.203529, 27.036648, 26.843342, 25.673128 ],
		"startTime": "2021-04-30 12:03:17.554365672 +0200 CEST m=+0.014227760",
		"EndTime": "2021-04-30 12:14:55.662473747 +0200 CEST m=+698.122335868",
		"totalTime":6.98108108108E+02
	}
]