[
	{
		"id": "4dl8o40ahd",
		"nrOfEpochs": 14,
		"epochs": [ 2, 2, 2, 3, 4, 4, 5, 5 | 6, 6, 7, 7, 8, 8, 9, 9, 10, 10, 11, 11, 12, 12, 13, 13 ],
		"loss": [ 1.537602, 1.034783, 0.970241, 0.939617, 0.892831, 0.909726, 0.893708, 0.871269 | 0.883478, 0.861142, 0.875235, 0.854904, 0.868315, 0.850104, 0.861940, 0.846174, 0.856287, 0.842719, 0.839560, 0.849336, 0.846815, 0.836528, 0.842992, 0.833655 ],
		"servers": [ 1, 1, 1, 2, 1, 1, 2, 2 | 2, 2, 2, 2, 2, 2, 2, 2, 2, 2, 2, 2, 2, 2, 2, 2 ],
		"workers": [ 1, 1, 1, 1, 2, 2, 2, 2 | 2, 2, 2, 2, 2, 2, 2, 2, 2, 2, 2, 2, 2, 2, 2, 2 ],
		"cost": [ 0.588717, 107346.923486, 107346.950124, 107347.280205, 115268.275744, 115268.275744, 72689.683749, 72689.683749 | 185167.740963, 185167.740963, 187312.540436, 187312.540436, 187312.496634, 187312.496634, 188256.443237, 188256.443237, 188857.966922, 188857.966922, 116809.244588, 116809.244588, 52043.480132, 52043.480132, 26301.093054, 26301.093054 ],
		"time": [ 9.603965, 23.871694, 24.752428, 24.307657, 33.801591, 33.838958, 47.334490, 47.383168 | 46.224285, 46.246244, 46.561220, 46.569635, 45.664610, 45.692769, 45.932637, 45.980363, 46.166864, 46.169483, 46.079353, 46.084357, 46.190084, 46.207546, 45.353141, 45.372900 ],
		"startTime": "2021-05-04 13:52:34.658505821 +0200 CEST m=+0.013534289",
		"EndTime": "2021-05-04 14:03:52.519389723 +0200 CEST m=+677.874418238",
		"totalTime":6.77860883949E+02
	},
	{
		"id": "votfe1zgwm",
		"nrOfEpochs": 14,
		"epochs": [ 2, 2, 2, 3, 4, 4, 5, 5 | 6, 6, 7, 7, 8, 8, 9, 9, 10, 10, 11, 11, 12, 12, 13, 13 ],
		"loss": [ 1.537602, 1.034783, 0.970241, 0.939617, 0.892831, 0.909726, 0.893708, 0.871269 | 0.883478, 0.861142, 0.854904, 0.872900, 0.850104, 0.864506, 0.846174, 0.857717, 0.842719, 0.852244, 0.839560, 0.847683, 0.836528, 0.843747, 0.843952, 0.833655 ],
		"servers": [ 1, 1, 1, 2, 1, 1, 2, 2 | 2, 2, 2, 2, 2, 2, 2, 2, 2, 2, 2, 2, 2, 2, 2, 2 ],
		"workers": [ 1, 1, 1, 1, 2, 2, 2, 2 | 2, 2, 2, 2, 2, 2, 2, 2, 2, 2, 2, 2, 2, 2, 2, 2 ],
		"cost": [ 0.629493, 65653.188686, 65653.188429, 45805.666062, 122336.677209, 122336.677209, 220975.662916, 220975.662916 | 213276.230553, 213276.230553, 213276.244028, 213276.244028, 206456.828881, 206456.828881, 205713.214509, 205713.214509, 153289.206743, 153289.206743, 115682.258326, 115682.258326, 48152.617384, 48152.617384, 35758.491773, 35758.491773 ],
		"time": [ 10.966122, 31.647258, 31.639681, 31.305068, 56.605595, 56.627225, 36.216722, 36.265381 | 44.374282, 44.377471, 44.603409, 44.642728, 45.009826, 45.020795, 44.288214, 44.291830, 45.101286, 45.106227, 46.148711, 46.149297, 45.194021, 45.194333, 46.001575, 46.042952 ],
		"startTime": "2021-05-04 13:52:34.658505821 +0200 CEST m=+0.013534289",
		"EndTime": "2021-05-04 14:03:52.519466979 +0200 CEST m=+677.874495463",
		"totalTime":6.77860961174E+02
	}
]