[
	{
		"id": "nvir5zhf2x",
		"nrOfEpochs": 20,
		"epochs": [ 2, 2, 2, 3, 4, 4, 5, 5 | 6, 7, 8, 9, 10, 11, 12, 13, 14, 15, 16, 17, 18, 19 ],
		"loss": [ 1.537602, 1.034783, 0.970241, 0.939617, 0.892831, 0.909726, 0.893708, 0.871269 | 0.886224, 0.880553, 0.875031, 0.869592, 0.864603, 0.860640, 0.857670, 0.855360, 0.853501, 0.851967, 0.850655, 0.849522, 0.848506, 0.847587 ],
		"servers": [ 1, 1, 1, 2, 1, 1, 2, 2 | 1, 1, 1, 1, 1, 1, 1, 1, 1, 1, 1, 1, 1, 1 ],
		"workers": [ 1, 1, 1, 1, 2, 2, 2, 2 | 1, 1, 1, 1, 1, 1, 1, 1, 1, 1, 1, 1, 1, 1 ],
		"cost": [ 0.585911, 1.033300, 1.049025, 91088.431117, 248011.365058, 248011.365058, 176920.197757, 176920.197757 | 89612.752522, 35028.429204, 35028.439620, 46379.669428, 46379.669341, 72196.863939, 72196.854952, 54147.218674, 54147.200548, 37486.840858, 37486.832431, 137690.380704, 137690.411351, 68845.364194 ],
		"time": [ 9.511410, 24.428795, 24.952749, 24.744668, 35.821552, 35.824451, 46.800751, 46.847810 | 25.219738, 24.821599, 25.172771, 25.593544, 25.618251, 25.723808, 25.422374, 25.421574, 24.817870, 25.488994, 25.212201, 24.911315, 25.933632, 24.337666 ],
		"startTime": "2021-04-30 12:34:57.515750197 +0200 CEST m=+0.013492540",
		"EndTime": "2021-04-30 12:45:34.011318126 +0200 CEST m=+636.509060791",
		"totalTime":6.36495568251E+02
	},
	{
		"id": "1v8esouvjj",
		"nrOfEpochs": 20,
		"epochs": [ 2, 2, 2, 3, 4, 4, 5, 5 | 6, 7, 8, 9, 10, 11, 12, 13, 14, 15, 16, 17, 18, 19 ],
		"loss": [ 1.537602, 1.034783, 0.970241, 0.939617, 0.892831, 0.909726, 0.893708, 0.871269 | 0.886224, 0.880553, 0.875031, 0.869592, 0.864603, 0.860640, 0.857670, 0.855360, 0.853501, 0.851967, 0.850655, 0.849522, 0.848506, 0.847587 ],
		"servers": [ 1, 1, 1, 2, 1, 1, 2, 2 | 1, 1, 1, 1, 1, 1, 1, 1, 1, 1, 1, 1, 1, 1 ],
		"workers": [ 1, 1, 1, 1, 2, 2, 2, 2 | 1, 1, 1, 1, 1, 1, 1, 1, 1, 1, 1, 1, 1, 1 ],
		"cost": [ 0.590220, 1.041265, 1.070637, 102021.463092, 75456.182779, 75456.182779, 248116.508211, 248116.508211 | 121371.854103, 153608.564768, 153608.570656, 75154.565047, 75154.576127, 58932.275600, 58932.272805, 46774.554055, 46774.554386, 73404.035958, 73404.026900, 62511.913263, 62511.900051, 77324.588513 ],
		"time": [ 9.659898, 24.660091, 25.673496, 31.784163, 37.840308, 37.866466, 38.758485, 38.768801 | 24.697722, 24.776689, 24.974718, 25.243948, 25.613412, 25.661746, 25.570480, 25.657812, 25.668517, 25.648850, 25.345226, 25.024287, 24.584971, 25.003842 ],
		"startTime": "2021-04-30 12:34:57.515750197 +0200 CEST m=+0.013492540",
		"EndTime": "2021-04-30 12:45:28.569517829 +0200 CEST m=+631.067260216",
		"totalTime":6.31053767676E+02
	}
]