[
	{
		"id": "rsxkzmubjn",
		"nrOfEpochs": 21,
		"epochs": [ 2, 2, 2, 3, 4, 4, 5, 5 | 6, 7, 8, 9, 10, 11, 12, 13, 14, 15, 16, 17, 18, 19, 20 ],
		"loss": [ 1.537602, 1.034783, 0.970241, 0.939617, 0.909726, 0.892831, 0.893708, 0.871269 | 0.886224, 0.880553, 0.875031, 0.869592, 0.864603, 0.860640, 0.857670, 0.855360, 0.853501, 0.851967, 0.850655, 0.849522, 0.848506, 0.847587, 0.846727 ],
		"servers": [ 1, 1, 1, 2, 1, 1, 2, 2 | 1, 1, 1, 1, 1, 1, 1, 1, 1, 1, 1, 1, 1, 1, 1 ],
		"workers": [ 1, 1, 1, 1, 2, 2, 2, 2 | 1, 1, 1, 1, 1, 1, 1, 1, 1, 1, 1, 1, 1, 1, 1 ],
		"cost": [ 0.614389, 126659.496858, 126659.481406, 118537.303584, 108539.808204, 108539.808204, 155902.528003, 155902.528003 | 101873.090010, 57790.648718, 57790.652384, 110958.946843, 110958.945096, 48618.038058, 48618.051190, 93451.654356, 93451.641408, 114108.546660, 109909.400423, 109909.380888, 60034.637497, 60034.621609, 98939.503402 ],
		"time": [ 10.461150, 28.400096, 27.865067, 28.356238, 41.316762, 41.335699, 42.017863, 42.039806 | 28.194713, 27.218390, 27.394460, 28.465233, 28.407931, 27.436069, 27.877479, 28.195841, 27.763312, 28.260659, 28.257808, 27.605635, 28.794846, 28.265444, 27.253702 ],
		"startTime": "2021-05-03 10:54:27.050481742 +0200 CEST m=+0.013488286",
		"EndTime": "2021-05-03 11:06:40.573881491 +0200 CEST m=+733.536888058",
		"totalTime":7.33523399772E+02
	},
	{
		"id": "o5t8rgd1b5",
		"nrOfEpochs": 21,
		"epochs": [ 2, 2, 2, 3, 4, 4, 5, 5 | 6, 7, 8, 9, 10, 11, 12, 13, 14, 15, 16, 17, 18, 19, 20 ],
		"loss": [ 1.537602, 1.034783, 0.970241, 0.939617, 0.909726, 0.892831, 0.893708, 0.871269 | 0.886224, 0.880553, 0.875031, 0.869592, 0.864603, 0.860640, 0.857670, 0.855360, 0.853501, 0.851967, 0.850655, 0.849522, 0.848506, 0.847587, 0.846727 ],
		"servers": [ 1, 1, 1, 2, 1, 1, 2, 2 | 1, 1, 1, 1, 1, 1, 1, 1, 1, 1, 1, 1, 1, 1, 1 ],
		"workers": [ 1, 1, 1, 1, 2, 2, 2, 2 | 1, 1, 1, 1, 1, 1, 1, 1, 1, 1, 1, 1, 1, 1, 1 ],
		"cost": [ 0.632638, 114334.871674, 114334.855855, 29202.486778, 161194.161716, 161194.161716, 216514.022245, 216514.022245 | 103864.942066, 87716.589904, 107253.988147, 107253.977115, 84589.041874, 73980.889578, 73980.867102, 75303.253146, 27665.799552, 27665.788194, 111045.246144, 32991.880596, 32991.841670, 103472.796969, 61239.305472 ],
		"time": [ 11.070411, 33.711010, 33.187090, 32.228027, 41.100056, 41.152844, 41.506728, 41.525309 | 34.094895, 33.440608, 34.292793, 33.900441, 34.282113, 34.000505, 33.243389, 35.076075, 34.940774, 34.557405, 34.213598, 34.318419, 33.022130, 33.077558, 33.556389 ],
		"startTime": "2021-05-03 10:54:27.050481742 +0200 CEST m=+0.013488286",
		"EndTime": "2021-05-03 11:08:31.674089765 +0200 CEST m=+844.637096425",
		"totalTime":8.44623608139E+02
	}
]