[
	{
		"id": "6k0tk0hehc",
		"nrOfEpochs": 21,
		"epochs": [ 2, 2, 2, 3, 4, 4, 5, 5 | 6, 7, 8, 9, 10, 11, 12, 13, 14, 15, 16, 17, 18, 19, 20 ],
		"loss": [ 1.537602, 1.034783, 0.970241, 0.939617, 0.892831, 0.909726, 0.871269, 0.893708 | 0.886224, 0.880553, 0.875031, 0.869592, 0.864603, 0.860640, 0.857670, 0.855360, 0.853501, 0.851967, 0.850655, 0.849522, 0.848506, 0.847587, 0.846727 ],
		"servers": [ 1, 1, 1, 2, 1, 1, 2, 2 | 1, 1, 1, 1, 1, 1, 1, 1, 1, 1, 1, 1, 1, 1, 1 ],
		"workers": [ 1, 1, 1, 1, 2, 2, 2, 2 | 1, 1, 1, 1, 1, 1, 1, 1, 1, 1, 1, 1, 1, 1, 1 ],
		"cost": [ 0.589484, 1.052569, 141993.124292, 141993.764407, 77834.484754, 77834.484754, 127688.491144, 127688.491144 | 3824.037697, 3824.044109, 111676.270124, 47610.585948, 47610.584685, 27367.066792, 27367.067512, 68853.278297, 68853.296858, 105369.868183, 105369.874084, 69497.730793, 69497.713567, 122092.055544, 122092.028519 ],
		"time": [ 9.634283, 25.071874, 25.307909, 32.469656, 38.027885, 38.041825, 38.274056, 38.342013 | 25.302050, 25.517037, 25.669450, 25.499062, 25.456530, 25.594186, 25.621683, 24.855023, 25.474403, 25.310641, 25.511046, 25.575129, 24.995439, 25.729211, 24.834348 ],
		"startTime": "2021-04-30 14:36:22.532593204 +0200 CEST m=+0.013609582",
		"EndTime": "2021-04-30 14:48:01.264727778 +0200 CEST m=+698.745744233",
		"totalTime":6.98732134651E+02
	},
	{
		"id": "7r0dmgydm3",
		"nrOfEpochs": 21,
		"epochs": [ 2, 2, 2, 3, 4, 4, 5, 5 | 6, 7, 8, 9, 10, 11, 12, 13, 14, 15, 16, 17, 18, 19, 20 ],
		"loss": [ 1.537602, 1.034783, 0.970241, 0.939617, 0.892831, 0.909726, 0.871269, 0.893708 | 0.886224, 0.880553, 0.875031, 0.869592, 0.864603, 0.860640, 0.857670, 0.855360, 0.853501, 0.851967, 0.850655, 0.849522, 0.848506, 0.847587, 0.846727 ],
		"servers": [ 1, 1, 1, 2, 1, 1, 2, 2 | 1, 1, 1, 1, 1, 1, 1, 1, 1, 1, 1, 1, 1, 1, 1 ],
		"workers": [ 1, 1, 1, 1, 2, 2, 2, 2 | 1, 1, 1, 1, 1, 1, 1, 1, 1, 1, 1, 1, 1, 1, 1 ],
		"cost": [ 0.589160, 1.040354, 105416.607967, 105417.006782, 97955.777357, 97955.777357, 74567.426793, 74567.426793 | 41854.372876, 41854.364731, 126293.761392, 121358.740688, 121358.707649, 110918.753980, 110918.746317, 40764.141716, 40764.159237, 58804.806451, 58804.812249, 104979.200368, 104979.211806, 60861.147546, 60861.125943 ],
		"time": [ 9.620783, 24.666036, 24.990199, 26.207125, 45.154376, 45.174407, 51.472442, 51.487110 | 25.020893, 24.747905, 25.069634, 25.906715, 24.804244, 25.034992, 24.750590, 24.537246, 25.126336, 25.634998, 25.828105, 24.929730, 25.313953, 25.651602, 24.962435 ],
		"startTime": "2021-04-30 14:36:22.532593204 +0200 CEST m=+0.013609582",
		"EndTime": "2021-04-30 14:47:55.822196684 +0200 CEST m=+693.303213194",
		"totalTime":6.93289603612E+02
	}
]