[
	{
		"id": "ea4bggpgir",
		"nrOfEpochs": 15,
		"epochs": [ 2, 2, 2, 3, 4, 4, 5, 5 | 6, 6, 7, 7, 8, 8, 9, 9, 10, 10, 11, 11, 12, 12, 13, 13, 14, 14 ],
		"loss": [ 1.537602, 1.034783, 0.970241, 0.939617, 0.892831, 0.909726, 0.871269, 0.893708 | 0.883478, 0.861142, 0.854904, 0.872900, 0.868315, 0.850104, 0.861473, 0.846174, 0.858504, 0.842719, 0.851795, 0.839560, 0.847750, 0.836528, 0.833655, 0.841858, 0.830803, 0.838119 ],
		"servers": [ 1, 1, 1, 2, 1, 1, 2, 2 | 1, 1, 1, 1, 1, 1, 1, 1, 1, 1, 1, 1, 1, 1, 1, 1, 1, 1 ],
		"workers": [ 1, 1, 1, 1, 2, 2, 2, 2 | 2, 2, 2, 2, 2, 2, 2, 2, 2, 2, 2, 2, 2, 2, 2, 2, 2, 2 ],
		"cost": [ 8799.351225, 8799.855243, 8799.885760, 145924.941348, 92281.707761, 92281.707761, 167314.305442, 167314.305442 | 152720.943643, 152720.943643, 190984.872769, 190984.872769, 190984.846908, 190984.846908, 104132.887964, 104132.887964, 75737.309489, 75737.309489, 75737.319878, 75737.319878, 201027.837436, 201027.837436, 140780.122192, 140780.122192, 123763.583830, 123763.583830 ],
		"time": [ 9.998963, 26.798539, 27.816175, 27.086779, 36.346198, 36.392281, 43.089334, 43.127252 | 41.318212, 41.338772, 38.462021, 38.475664, 37.787995, 37.821860, 38.503788, 38.506878, 37.562492, 37.575371, 37.822793, 37.834226, 38.600144, 38.665541, 40.475317, 40.506252, 39.426141, 39.429802 ],
		"startTime": "2021-05-04 17:01:55.383579358 +0200 CEST m=+0.013468592",
		"EndTime": "2021-05-04 17:12:40.118894018 +0200 CEST m=+644.748783274",
		"totalTime":6.44735314682E+02
	},
	{
		"id": "qr3slceik5",
		"nrOfEpochs": 14,
		"epochs": [ 2, 2, 2, 3, 4, 4, 5, 5 | 6, 6, 7, 7, 8, 8, 9, 9, 10, 10, 11, 11, 12, 12, 13, 13 ],
		"loss": [ 1.537602, 1.034783, 0.970241, 0.939617, 0.892831, 0.909726, 0.893708, 0.871269 | 0.883478, 0.861142, 0.854904, 0.872900, 0.850104, 0.864506, 0.860711, 0.846174, 0.842719, 0.852843, 0.839560, 0.848401, 0.845939, 0.836528, 0.833655, 0.840817 ],
		"servers": [ 1, 1, 1, 2, 1, 1, 2, 2 | 1, 1, 1, 1, 1, 1, 1, 1, 1, 1, 1, 1, 1, 1, 1, 1 ],
		"workers": [ 1, 1, 1, 1, 2, 2, 2, 2 | 2, 2, 2, 2, 2, 2, 2, 2, 2, 2, 2, 2, 2, 2, 2, 2 ],
		"cost": [ 21037.756639, 21038.435049, 84343.674167, 84344.069697, 86548.108503, 86548.108503, 76493.690101, 76493.690101 | 109520.827384, 109520.827384, 156204.570455, 156204.570455, 146777.942842, 146777.942842, 146777.945698, 146777.945698, 158017.641583, 158017.641583, 107392.754463, 107392.754463, 108565.267360, 108565.267360, 136381.109260, 136381.109260 ],
		"time": [ 11.265850, 33.879751, 33.598278, 32.581661, 44.886237, 44.894577, 41.003417, 41.040053 | 46.102139, 46.109812, 45.256634, 45.276635, 45.752412, 45.786288, 45.830268, 45.858233, 47.020937, 47.028431, 45.669484, 45.718120, 44.332557, 44.381849, 45.377824, 45.381592 ],
		"startTime": "2021-05-04 17:01:55.383579358 +0200 CEST m=+0.013468592",
		"EndTime": "2021-05-04 17:12:40.118964549 +0200 CEST m=+644.748853755",
		"totalTime":6.44735385163E+02
	}
]