[
	{
		"id": "urqw8ar4cl",
		"nrOfEpochs": 20,
		"epochs": [ 2, 2, 2, 3, 4, 4, 5, 5 | 6, 7, 8, 9, 10, 11, 12, 13, 14, 15, 16, 17, 18, 19 ],
		"loss": [ 1.537602, 1.034783, 0.970241, 0.939617, 0.892831, 0.909726, 0.893708, 0.871269 | 0.886224, 0.880553, 0.875031, 0.869592, 0.864603, 0.860640, 0.857670, 0.855360, 0.853501, 0.851967, 0.850655, 0.849522, 0.848506, 0.847587 ],
		"servers": [ 1, 1, 1, 2, 1, 1, 2, 2 | 2, 2, 2, 2, 2, 2, 2, 2, 2, 2, 2, 2, 2, 2 ],
		"workers": [ 1, 1, 1, 1, 2, 2, 2, 2 | 1, 1, 1, 1, 1, 1, 1, 1, 1, 1, 1, 1, 1, 1 ],
		"cost": [ 0.652902, 48897.951119, 68542.599880, 68543.076277, 62087.126218, 62087.126218, 81579.828503, 81579.828503 | 65340.431660, 65340.449450, 77676.538461, 77676.532233, 118696.840588, 118696.809820, 64934.529880, 64934.575405, 101469.233952, 101469.237314, 79659.336592, 79659.322349, 43950.821736, 43950.808922 ],
		"time": [ 11.745890, 36.142730, 35.411387, 35.964804, 46.664882, 46.674176, 41.711603, 41.712788 | 24.351830, 24.756640, 24.986959, 24.812237, 25.125783, 24.358926, 24.097482, 25.236204, 24.855939, 24.932173, 24.413601, 24.055512, 24.478439, 24.159885 ],
		"startTime": "2021-05-04 18:09:44.591390612 +0200 CEST m=+0.013522074",
		"EndTime": "2021-05-04 18:21:09.317063706 +0200 CEST m=+684.739195235",
		"totalTime":6.84725673161E+02
	},
	{
		"id": "yxmw3zofhp",
		"nrOfEpochs": 20,
		"epochs": [ 2, 2, 2, 3, 4, 4, 5, 5 | 6, 7, 8, 9, 10, 11, 12, 13, 14, 15, 16, 17, 18, 19 ],
		"loss": [ 1.537602, 1.034783, 0.970241, 0.939617, 0.909726, 0.892831, 0.871269, 0.893708 | 0.886224, 0.880553, 0.875031, 0.869592, 0.864603, 0.860640, 0.857670, 0.855360, 0.853501, 0.851967, 0.850655, 0.849522, 0.848506, 0.847587 ],
		"servers": [ 1, 1, 1, 2, 1, 1, 2, 2 | 2, 2, 2, 2, 2, 2, 2, 2, 2, 2, 2, 2, 2, 2 ],
		"workers": [ 1, 1, 1, 1, 2, 2, 2, 2 | 1, 1, 1, 1, 1, 1, 1, 1, 1, 1, 1, 1, 1, 1 ],
		"cost": [ 0.636160, 40257.274048, 102420.553309, 102421.058235, 32684.844222, 32684.844222, 93029.705417, 93029.705417 | 116215.938631, 116215.947248, 66596.252999, 112901.334338, 112901.334240, 51415.948877, 51415.989529, 118587.812454, 73731.581880, 73731.552821, 84882.557294, 58767.908402, 58767.884253, 28409.621246 ],
		"time": [ 11.187222, 36.041529, 35.745213, 36.926517, 46.222319, 46.253975, 35.905194, 35.912528 | 32.085685, 32.312502, 32.960160, 31.640199, 31.637098, 31.633444, 32.649397, 32.346076, 31.921585, 31.195446, 32.164144, 31.184596, 30.579886, 31.327771 ],
		"startTime": "2021-05-04 18:09:44.591390612 +0200 CEST m=+0.013522074",
		"EndTime": "2021-05-04 18:22:40.552520609 +0200 CEST m=+775.974652198",
		"totalTime":7.75961130124E+02
	}
]