[
	{
		"id": "ihr2ishd8u",
		"nrOfEpochs": 20,
		"epochs": [ 2, 2, 2, 3, 4, 4, 5, 5 | 6, 7, 8, 9, 10, 11, 12, 13, 14, 15, 16, 17, 18, 19 ],
		"loss": [ 1.537602, 1.034783, 0.970241, 0.939617, 0.909726, 0.892831, 0.893708, 0.871269 | 0.886224, 0.880553, 0.875031, 0.869592, 0.864603, 0.860640, 0.857670, 0.855360, 0.853501, 0.851967, 0.850655, 0.849522, 0.848506, 0.847587 ],
		"servers": [ 1, 1, 1, 2, 1, 1, 2, 2 | 1, 1, 1, 1, 1, 1, 1, 1, 1, 1, 1, 1, 1, 1 ],
		"workers": [ 1, 1, 1, 1, 2, 2, 2, 2 | 1, 1, 1, 1, 1, 1, 1, 1, 1, 1, 1, 1, 1, 1 ],
		"cost": [ 0.591813, 1.062611, 149361.379327, 149361.689543, 118580.155233, 118580.155233, 211118.452352, 211118.452352 | 105616.762022, 128927.572392, 128927.566878, 122352.571735, 122352.585322, 128370.279609, 128370.253342, 86262.695551, 86262.708482, 105899.580282, 159827.075583, 159827.060232, 148018.175969, 148018.179641 ],
		"time": [ 9.710388, 25.402405, 25.224865, 24.170890, 37.180857, 37.184065, 35.862641, 35.884820 | 24.568720, 25.148256, 24.964120, 24.540704, 24.995688, 25.006082, 24.127376, 24.938066, 25.367167, 25.207539, 25.672293, 25.155012, 25.165140, 25.287679 ],
		"startTime": "2021-05-04 13:12:07.068375438 +0200 CEST m=+0.014192036",
		"EndTime": "2021-05-04 13:22:51.473868433 +0200 CEST m=+644.419685117",
		"totalTime":6.44405493081E+02
	},
	{
		"id": "y9fmeusu8l",
		"nrOfEpochs": 20,
		"epochs": [ 2, 2, 2, 3, 4, 4, 5, 5 | 6, 7, 8, 9, 10, 11, 12, 13, 14, 15, 16, 17, 18, 19 ],
		"loss": [ 1.537602, 1.034783, 0.970241, 0.939617, 0.892831, 0.909726, 0.871269, 0.893708 | 0.886224, 0.880553, 0.875031, 0.869592, 0.864603, 0.860640, 0.857670, 0.855360, 0.853501, 0.851967, 0.850655, 0.849522, 0.848506, 0.847587 ],
		"servers": [ 1, 1, 1, 2, 1, 1, 2, 2 | 1, 1, 1, 1, 1, 1, 1, 1, 1, 1, 1, 1, 1, 1 ],
		"workers": [ 1, 1, 1, 1, 2, 2, 2, 2 | 1, 1, 1, 1, 1, 1, 1, 1, 1, 1, 1, 1, 1, 1 ],
		"cost": [ 0.588618, 1.035307, 143243.631498, 143244.279507, 55217.036379, 55217.036379, 156471.604391, 156471.604391 | 78563.078652, 120160.773567, 120160.787151, 119449.644394, 125485.819092, 125485.813953, 87779.074235, 87779.088138, 68469.554679, 68469.551481, 51276.212414, 51276.208320, 70160.976780, 70160.974847 ],
		"time": [ 9.596268, 24.493167, 25.143615, 32.543167, 38.048901, 38.082660, 34.770354, 34.774646 | 24.523147, 24.834293, 25.288413, 25.069845, 24.864113, 24.641899, 24.846955, 25.314382, 25.608580, 25.494120, 25.594309, 25.460921, 25.391957, 25.335532 ],
		"startTime": "2021-05-04 13:12:07.068375438 +0200 CEST m=+0.014192036",
		"EndTime": "2021-05-04 13:22:56.933065113 +0200 CEST m=+649.878881750",
		"totalTime":6.49864689714E+02
	}
]