[
	{
		"id": "dw4ncjl8kv",
		"nrOfEpochs": 15,
		"epochs": [ 2, 2, 2, 3, 4, 4, 5, 5 | 6, 6, 7, 7, 8, 8, 9, 9, 10, 10, 11, 11, 12, 12, 13, 13, 14, 14 ],
		"loss": [ 1.537602, 1.034783, 0.970241, 0.939617, 0.892831, 0.909726, 0.871269, 0.893708 | 0.861142, 0.883478, 0.854904, 0.872900, 0.868315, 0.850104, 0.846174, 0.858479, 0.842719, 0.853158, 0.850127, 0.839560, 0.836528, 0.844418, 0.844758, 0.833655, 0.839784, 0.830803 ],
		"servers": [ 1, 1, 1, 2, 1, 1, 2, 2 | 2, 2, 2, 2, 2, 2, 2, 2, 2, 2, 2, 2, 2, 2, 2, 2, 2, 2 ],
		"workers": [ 1, 1, 1, 1, 2, 2, 2, 2 | 2, 2, 2, 2, 2, 2, 2, 2, 2, 2, 2, 2, 2, 2, 2, 2, 2, 2 ],
		"cost": [ 17085.034590, 17085.793010, 91845.687852, 91846.229130, 149665.966815, 149665.966815, 153574.705871, 153574.705871 | 148882.849293, 148882.849293, 52788.491557, 52788.491557, 158007.286431, 158007.286431, 155147.300867, 155147.300867, 129882.664933, 129882.664933, 93617.616344, 93617.616344, 123966.757847, 123966.757847, 66538.416960, 66538.416960, 93600.660918, 93600.660918 ],
		"time": [ 11.477039, 36.755753, 36.241938, 38.204642, 65.429282, 65.430308, 65.836538, 65.848029 | 69.562660, 69.567024, 68.384943, 68.386979, 66.516420, 66.531663, 66.629634, 66.632891, 69.244937, 69.297407, 66.197018, 66.213760, 49.764516, 49.765006, 43.208680, 43.235919, 43.824805, 43.855243 ],
		"startTime": "2021-05-04 16:35:54.67387022 +0200 CEST m=+0.013370002",
		"EndTime": "2021-05-04 16:50:37.778310689 +0200 CEST m=+883.117810508",
		"totalTime":8.83104440506E+02
	},
	{
		"id": "a2smkej7ow",
		"nrOfEpochs": 14,
		"epochs": [ 2, 2, 2, 3, 4, 4, 5, 5 | 6, 6, 7, 7, 8, 8, 9, 9, 10, 10, 11, 11, 12, 12, 13, 13 ],
		"loss": [ 1.537602, 1.034783, 0.970241, 0.939617, 0.892831, 0.909726, 0.871269, 0.893708 | 0.861142, 0.883478, 0.875235, 0.854904, 0.868315, 0.850104, 0.846174, 0.858946, 0.842719, 0.853252, 0.839560, 0.848130, 0.848521, 0.836528, 0.833655, 0.841279 ],
		"servers": [ 1, 1, 1, 2, 1, 1, 2, 2 | 2, 2, 2, 2, 2, 2, 2, 2, 2, 2, 2, 2, 2, 2, 2, 2 ],
		"workers": [ 1, 1, 1, 1, 2, 2, 2, 2 | 2, 2, 2, 2, 2, 2, 2, 2, 2, 2, 2, 2, 2, 2, 2, 2 ],
		"cost": [ 7067.798976, 7068.611842, 82415.117599, 115501.286803, 132332.428453, 132332.428453, 144692.459313, 144692.459313 | 119305.454340, 119305.454340, 157377.961497, 157377.961497, 71226.606480, 71226.606480, 149795.691143, 149795.691143, 161599.503307, 161599.503307, 127806.490909, 127806.490909, 171559.971167, 171559.971167, 184226.378014, 184226.378014 ],
		"time": [ 11.686689, 38.783941, 37.607483, 38.118216, 57.613286, 57.643559, 57.336037, 57.379389 | 60.488813, 60.546801, 51.394491, 51.398847, 45.442869, 45.443725, 50.700801, 50.713029, 55.205569, 55.215849, 61.991877, 62.039091, 52.682552, 52.706511, 45.284264, 45.290117 ],
		"startTime": "2021-05-04 16:35:54.67387022 +0200 CEST m=+0.013370002",
		"EndTime": "2021-05-04 16:48:36.241192879 +0200 CEST m=+761.580692685",
		"totalTime":7.61567322683E+02
	}
]