[
	{
		"id": "pej85ouc2g",
		"nrOfEpochs": 16,
		"epochs": [ 2, 2, 2, 2, 2, 2, 3, 4, 4, 5, 5 | 6, 6, 7, 7, 8, 8, 9, 9, 10, 10, 11, 11, 12, 12, 13, 13, 14, 14, 15, 15 ],
		"loss": [ 1.537602, 1.034783, 1.003271, 0.955991, 0.941850, 0.931985, 0.923575, 0.884613, 0.907812, 0.872785, 0.895875 | 0.886666, 0.863624, 0.856908, 0.875172, 0.874014, 0.852014, 0.864346, 0.848195, 0.862748, 0.844973, 0.842095, 0.852471, 0.839441, 0.848346, 0.845465, 0.837049, 0.844554, 0.834874, 0.832832, 0.838955 ],
		"servers": [ 1, 1, 1, 1, 1, 1, 2, 1, 1, 2, 2 | 2, 2, 2, 2, 2, 2, 2, 2, 2, 2, 2, 2, 2, 2, 2, 2, 2, 2, 2, 2 ],
		"workers": [ 1, 1, 1, 1, 1, 1, 1, 2, 2, 2, 2 | 2, 2, 2, 2, 2, 2, 2, 2, 2, 2, 2, 2, 2, 2, 2, 2, 2, 2, 2, 2 ],
		"cost": [ 0.649254, 80802.313315, 80801.666532, 104479.377465, 104478.834025, 104478.906071, 94906.138373, 94906.673378, 94906.673378, 106541.702805, 106541.702805 | 106542.073271, 106542.073271, 88288.117532, 88288.117532, 21217.933285, 21217.933285, 21217.834871, 21217.834871, 76358.449469, 76358.449469, 76358.557437, 76358.557437, 53713.520385, 53713.520385, 53713.693533, 53713.693533, 121764.159959, 121764.159959, 121764.329009, 121764.329009 ],
		"time": [ 11.627515, 40.422055, 18.863413, 41.651218, 23.535266, 25.936828, 14.612414, 27.969922, 27.990019, 22.025556, 22.033443 | 29.429493, 29.438379, 25.258229, 25.275383, 27.923181, 27.989278, 26.009174, 26.020714, 23.437178, 23.503687, 25.650075, 25.665111, 23.382475, 23.389945, 26.840174, 26.852819, 21.962209, 21.989460, 25.334431, 25.370210 ],
		"startTime": "2021-04-30 16:47:17.494194514 +0200 CEST m=+0.013510778",
		"EndTime": "2021-04-30 16:57:07.894919443 +0200 CEST m=+590.414235747",
		"totalTime":5.90400724969E+02
	},
	{
		"id": "27g3lwb5on",
		"nrOfEpochs": 15,
		"epochs": [ 2, 2, 2, 3, 4, 4, 5, 5 | 6, 6, 7, 7, 8, 8, 9, 9, 10, 10, 11, 11, 12, 12, 13, 13, 14, 14 ],
		"loss": [ 1.537602, 1.034783, 0.970241, 0.939617, 0.909726, 0.892831, 0.871269, 0.893708 | 0.861142, 0.883478, 0.854904, 0.872900, 0.850104, 0.864506, 0.862687, 0.846174, 0.858504, 0.842719, 0.854918, 0.839560, 0.836528, 0.846446, 0.833655, 0.842221, 0.830803, 0.837931 ],
		"servers": [ 1, 1, 1, 2, 1, 1, 2, 2 | 2, 2, 2, 2, 2, 2, 2, 2, 2, 2, 2, 2, 2, 2, 2, 2, 2, 2 ],
		"workers": [ 1, 1, 1, 1, 2, 2, 2, 2 | 2, 2, 2, 2, 2, 2, 2, 2, 2, 2, 2, 2, 2, 2, 2, 2, 2, 2 ],
		"cost": [ 0.593646, 1.261440, 142600.935868, 155379.460761, 167778.124631, 167778.124631, 158311.436728, 158311.436728 | 152739.240111, 152739.240111, 71934.248070, 71934.248070, 104899.989443, 104899.989443, 156757.399809, 156757.399809, 161166.317435, 161166.317435, 161165.780036, 161165.780036, 175237.288646, 175237.288646, 103214.278243, 103214.278243, 87962.056657, 87962.056657 ],
		"time": [ 9.772227, 32.034499, 32.096188, 29.344741, 57.911200, 57.918863, 62.215325, 62.243053 | 62.918547, 62.955097, 63.493379, 63.524740, 58.684700, 58.717405, 58.579760, 58.580130, 57.372769, 57.400913, 46.641735, 46.644307, 46.239908, 46.277227, 45.471738, 45.519059, 46.109143, 46.186605 ],
		"startTime": "2021-04-30 16:47:17.494194514 +0200 CEST m=+0.013510778",
		"EndTime": "2021-04-30 17:00:49.577432528 +0200 CEST m=+812.096748833",
		"totalTime":8.12083238055E+02
	}
]