[
	{
		"id": "x0in02sx8b",
		"nrOfEpochs": 20,
		"epochs": [ 2, 2, 2, 3, 4, 4, 5, 5 | 6, 7, 8, 9, 10, 11, 12, 13, 14, 15, 16, 17, 18, 19 ],
		"loss": [ 1.537602, 1.034783, 0.970241, 0.939617, 0.892831, 0.909726, 0.871269, 0.893708 | 0.886224, 0.880553, 0.875031, 0.869592, 0.864603, 0.860640, 0.857670, 0.855360, 0.853501, 0.851967, 0.850655, 0.849522, 0.848506, 0.847587 ],
		"servers": [ 1, 1, 1, 2, 1, 1, 2, 2 | 1, 1, 1, 1, 2, 1, 1, 1, 1, 1, 2, 2, 2, 2 ],
		"workers": [ 1, 1, 1, 1, 2, 2, 2, 2 | 1, 1, 1, 1, 1, 1, 1, 1, 1, 1, 1, 1, 1, 1 ],
		"cost": [ 0.630159, 1.273012, 72443.302691, 96713.622003, 87305.633661, 87305.633661, 146866.711290, 146866.711290 | 53247.279383, 53247.265025, 101618.358369, 81641.755917, 81642.137529, 98996.896131, 50462.052415, 50462.020624, 106146.683368, 56612.118973, 56612.219911, 116932.438053, 116932.466147, 118335.542000 ],
		"time": [ 10.986730, 32.412691, 33.712399, 36.040006, 49.049058, 49.077315, 32.074809, 32.093905 | 32.930349, 32.451628, 31.684275, 32.443094, 31.363696, 32.765115, 32.581641, 31.521360, 32.388337, 32.289074, 24.229879, 23.518440, 24.217620, 24.589292 ],
		"startTime": "2021-05-05 13:00:05.552487056 +0200 CEST m=+0.013757473",
		"EndTime": "2021-05-05 13:12:29.286366884 +0200 CEST m=+743.747637318",
		"totalTime":7.43733879845E+02
	},
	{
		"id": "gwvl5ykd2n",
		"nrOfEpochs": 20,
		"epochs": [ 2, 2, 2, 3, 4, 4, 5, 5 | 6, 7, 8, 9, 10, 11, 12, 13, 14, 15, 16, 17, 18, 19 ],
		"loss": [ 1.537602, 1.034783, 0.970241, 0.939617, 0.909726, 0.892831, 0.871269, 0.893708 | 0.886224, 0.880553, 0.875031, 0.869592, 0.864603, 0.860640, 0.857670, 0.855360, 0.853501, 0.851967, 0.850655, 0.849522, 0.848506, 0.847587 ],
		"servers": [ 1, 1, 1, 2, 1, 1, 2, 2 | 1, 1, 1, 1, 1, 1, 1, 1, 1, 1, 1, 1, 1, 1 ],
		"workers": [ 1, 1, 1, 1, 2, 2, 2, 2 | 1, 1, 1, 1, 1, 1, 1, 1, 1, 1, 1, 1, 1, 1 ],
		"cost": [ 0.587163, 1.045355, 108390.567979, 108391.244694, 15585.043583, 15585.043583, 138849.525407, 138849.525407 | 16797.446152, 16797.484093, 43362.990130, 43362.981990, 64870.019694, 64870.106133, 131865.579648, 131865.569255, 92713.724699, 92713.768539, 120813.764628, 120813.753548, 112142.167069, 112142.161660 ],
		"time": [ 9.550450, 24.818458, 24.428405, 32.728923, 37.887255, 37.894156, 37.902972, 37.941900 | 23.899358, 25.172383, 25.327185, 25.051343, 25.055629, 27.938639, 25.175285, 24.837380, 24.551578, 26.015718, 25.362666, 24.993107, 24.357255, 24.165560 ],
		"startTime": "2021-05-05 13:00:05.552487056 +0200 CEST m=+0.013757473",
		"EndTime": "2021-05-05 13:11:14.7573009 +0200 CEST m=+669.218571503",
		"totalTime":6.6920481403E+02
	}
]