[
	{
		"id": "bbjhscm5py",
		"nrOfEpochs": 15,
		"epochs": [ 2, 2, 2, 3, 4, 4, 5, 5 | 6, 6, 7, 7, 8, 8, 9, 9, 10, 10, 11, 11, 12, 12, 13, 13, 14, 14 ],
		"loss": [ 1.537602, 1.034783, 0.970241, 0.939617, 0.892831, 0.909726, 0.871269, 0.893708 | 0.861142, 0.883478, 0.854904, 0.872900, 0.868315, 0.850104, 0.846174, 0.858479, 0.842719, 0.853158, 0.850127, 0.839560, 0.836528, 0.844418, 0.833655, 0.840858, 0.830803, 0.837252 ],
		"servers": [ 1, 1, 1, 2, 1, 1, 2, 2 | 1, 1, 1, 1, 1, 1, 1, 1, 1, 1, 1, 1, 1, 1, 1, 1, 1, 1 ],
		"workers": [ 1, 1, 1, 1, 2, 2, 2, 2 | 2, 2, 2, 2, 2, 2, 2, 2, 2, 2, 2, 2, 2, 2, 2, 2, 2, 2 ],
		"cost": [ 5214.413013, 5214.912050, 120407.378402, 120408.007399, 36083.235114, 36083.235114, 148836.503815, 148836.503815 | 124762.267832, 124762.267832, 134633.474018, 134633.474018, 165390.574338, 165390.574338, 190194.289184, 190194.289184, 157936.053180, 157936.053180, 201120.510204, 201120.510204, 214454.580124, 214454.580124, 214454.584323, 214454.584323, 211093.321593, 211093.321593 ],
		"time": [ 10.285967, 26.903949, 26.344978, 32.969759, 44.822553, 44.822265, 46.504105, 46.526664 | 48.417474, 48.439380, 48.716574, 48.724289, 48.610340, 48.630802, 49.741034, 49.752151, 48.535066, 48.560707, 47.796517, 47.804187, 46.611916, 46.613999, 46.715494, 46.721556, 43.169275, 43.177273 ],
		"startTime": "2021-04-30 18:34:59.177104228 +0200 CEST m=+0.013472815",
		"EndTime": "2021-04-30 18:47:03.49889425 +0200 CEST m=+724.335262903",
		"totalTime":7.24321790088E+02
	},
	{
		"id": "achvpc3rul",
		"nrOfEpochs": 15,
		"epochs": [ 2, 2, 2, 3, 4, 4, 5, 5 | 6, 6, 7, 7, 8, 8, 9, 9, 10, 10, 11, 11, 12, 12, 13, 13, 14, 14 ],
		"loss": [ 1.537602, 1.034783, 0.970241, 0.939617, 0.892831, 0.909726, 0.871269, 0.893708 | 0.861142, 0.883478, 0.854904, 0.872900, 0.850104, 0.864506, 0.862687, 0.846174, 0.842719, 0.853238, 0.839560, 0.848875, 0.836528, 0.844184, 0.833655, 0.840560, 0.840761, 0.830803 ],
		"servers": [ 1, 1, 1, 2, 1, 1, 2, 2 | 1, 1, 1, 1, 1, 1, 1, 1, 1, 1, 1, 1, 1, 1, 1, 1, 1, 1 ],
		"workers": [ 1, 1, 1, 1, 2, 2, 2, 2 | 2, 2, 2, 2, 2, 2, 2, 2, 2, 2, 2, 2, 2, 2, 2, 2, 2, 2 ],
		"cost": [ 12115.136499, 12115.856698, 65885.357713, 65885.735106, 103458.215275, 103458.215275, 56488.510981, 56488.510981 | 63267.481089, 63267.481089, 119348.602607, 119348.602607, 154370.274240, 154370.274240, 149951.030631, 149951.030631, 156908.298186, 156908.298186, 156908.218791, 156908.218791, 148992.060863, 148992.060863, 50797.347854, 50797.347854, 58856.504080, 58856.504080 ],
		"time": [ 11.207682, 35.210377, 33.666569, 32.178041, 45.797499, 45.837206, 41.761094, 41.794987 | 48.112835, 48.144768, 46.469297, 46.518722, 46.894307, 46.911048, 46.626680, 46.669746, 46.869995, 46.920870, 45.109128, 45.117256, 45.156802, 45.176276, 45.161980, 45.175327, 45.924129, 45.925764 ],
		"startTime": "2021-04-30 18:34:59.177104228 +0200 CEST m=+0.013472815",
		"EndTime": "2021-04-30 18:46:47.809764874 +0200 CEST m=+708.646133585",
		"totalTime":7.0863266077E+02
	}
]