[
	{
		"id": "kyepclr5xy",
		"nrOfEpochs": 20,
		"epochs": [ 2, 2, 2, 3, 4, 4, 5, 5 | 6, 7, 8, 9, 10, 11, 12, 13, 14, 15, 16, 17, 18, 19 ],
		"loss": [ 1.537602, 1.034783, 0.970241, 0.939617, 0.892831, 0.909726, 0.871269, 0.893708 | 0.886224, 0.880553, 0.875031, 0.869592, 0.864603, 0.860640, 0.857670, 0.855360, 0.853501, 0.851967, 0.850655, 0.849522, 0.848506, 0.847587 ],
		"servers": [ 1, 1, 1, 2, 1, 1, 2, 2 | 1, 1, 1, 1, 1, 1, 1, 1, 1, 1, 1, 1, 1, 1 ],
		"workers": [ 1, 1, 1, 1, 2, 2, 2, 2 | 1, 1, 1, 1, 1, 1, 1, 1, 1, 1, 1, 1, 1, 1 ],
		"cost": [ 11537.203334, 11537.890596, 78314.392602, 78314.858022, 109231.890172, 109231.890172, 137706.463424, 137706.463424 | 71160.279697, 32505.894351, 107082.462596, 107082.417338, 64741.377506, 64399.135301, 76607.985849, 76607.972978, 60788.954811, 18869.324877, 108792.648293, 108792.607033, 62567.859304, 38253.127405 ],
		"time": [ 11.730047, 34.641793, 36.550810, 36.543838, 49.198320, 49.238646, 45.021427, 45.046878 | 37.465488, 36.144809, 37.714138, 36.205651, 37.137838, 36.023800, 36.419622, 35.988478, 35.503139, 36.523498, 37.164325, 35.789187, 35.832920, 36.078918 ],
		"startTime": "2021-04-30 12:19:52.560434171 +0200 CEST m=+0.013576731",
		"EndTime": "2021-04-30 12:34:40.378473029 +0200 CEST m=+887.831615610",
		"totalTime":8.87818038879E+02
	},
	{
		"id": "slz28wwpk0",
		"nrOfEpochs": 20,
		"epochs": [ 2, 2, 2, 3, 4, 4, 5, 5 | 6, 7, 8, 9, 10, 11, 12, 13, 14, 15, 16, 17, 18, 19 ],
		"loss": [ 1.537602, 1.034783, 0.970241, 0.939617, 0.909726, 0.892831, 0.893708, 0.871269 | 0.886224, 0.880553, 0.875031, 0.869592, 0.864603, 0.860640, 0.857670, 0.855360, 0.853501, 0.851967, 0.850655, 0.849522, 0.848506, 0.847587 ],
		"servers": [ 1, 1, 1, 2, 1, 1, 2, 2 | 1, 1, 1, 1, 1, 1, 1, 1, 1, 1, 1, 1, 1, 1 ],
		"workers": [ 1, 1, 1, 1, 2, 2, 2, 2 | 1, 1, 1, 1, 1, 1, 1, 1, 1, 1, 1, 1, 1, 1 ],
		"cost": [ 0.636449, 34893.092385, 108081.268073, 108081.874602, 101845.964273, 101845.964273, 105186.339693, 105186.339693 | 19541.290364, 29286.140982, 101361.572649, 101361.547057, 41418.668730, 64899.879091, 108941.867315, 108941.859914, 56772.057298, 83513.277384, 108768.963728, 108768.953535, 35648.566548, 29371.398216 ],
		"time": [ 11.197804, 35.822317, 35.438827, 39.237646, 40.152343, 40.154669, 38.859423, 38.883924 | 37.425977, 36.504988, 37.442763, 36.590941, 37.194604, 36.982080, 37.220765, 36.975753, 36.653997, 36.404560, 36.914278, 36.576150, 37.512289, 37.166680 ],
		"startTime": "2021-04-30 12:19:52.560434171 +0200 CEST m=+0.013576731",
		"EndTime": "2021-04-30 12:34:40.378572131 +0200 CEST m=+887.831714690",
		"totalTime":8.87818137959E+02
	}
]