[
	{
		"id": "8defwbgbr8",
		"nrOfEpochs": 14,
		"epochs": [ 2, 2, 2, 3, 4, 4, 5, 5 | 6, 6, 7, 7, 8, 8, 9, 9, 10, 10, 11, 11, 12, 12, 13, 13 ],
		"loss": [ 1.537602, 1.034783, 0.970241, 0.939617, 0.892831, 0.909726, 0.871269, 0.893708 | 0.883478, 0.861142, 0.854904, 0.872900, 0.850104, 0.864506, 0.846174, 0.857717, 0.858280, 0.842719, 0.853879, 0.839560, 0.850431, 0.836528, 0.833655, 0.842811 ],
		"servers": [ 1, 1, 1, 2, 1, 1, 2, 2 | 2, 2, 2, 2, 2, 2, 2, 2, 2, 2, 2, 2, 2, 2, 2, 2 ],
		"workers": [ 1, 1, 1, 1, 2, 2, 2, 2 | 2, 2, 2, 2, 2, 2, 2, 2, 2, 2, 2, 2, 2, 2, 2, 2 ],
		"cost": [ 0.598526, 60054.508936, 60054.449043, 141027.249966, 139008.957211, 139008.957211, 139009.325697, 139009.325697 | 211821.820439, 211821.820439, 100857.863567, 100857.863567, 129452.180700, 129452.180700, 129452.197501, 129452.197501, 211661.569319, 211661.569319, 83565.750244, 83565.750244, 176930.880709, 176930.880709, 197389.736312, 197389.736312 ],
		"time": [ 9.933957, 33.398306, 31.399499, 29.816284, 39.540856, 39.556531, 36.966724, 37.013200 | 39.965734, 39.978934, 38.343822, 38.365196, 36.946627, 36.986688, 37.327881, 37.329726, 40.729014, 40.743633, 39.184674, 39.223146, 38.551027, 38.566710, 38.326047, 38.362956 ],
		"startTime": "2021-04-30 12:53:42.992547778 +0200 CEST m=+0.013630393",
		"EndTime": "2021-04-30 13:03:24.807349356 +0200 CEST m=+581.828432010",
		"totalTime":5.81814801617E+02
	},
	{
		"id": "c1rufxp4p1",
		"nrOfEpochs": 16,
		"epochs": [ 2, 2, 2, 3, 4, 4, 5, 5 | 6, 6, 7, 7, 8, 8, 9, 9, 10, 10, 11, 11, 12, 12, 13, 13, 14, 14, 15, 15 ],
		"loss": [ 1.537602, 1.133112, 1.074253, 1.044879, 1.003999, 0.959362, 0.983012, 0.924943 | 0.969425, 0.903073, 0.947963, 0.888352, 0.926751, 0.877131, 0.867958, 0.901631, 0.892365, 0.860266, 0.853946, 0.875233, 0.848764, 0.866115, 0.860865, 0.844291, 0.859053, 0.840288, 0.836667, 0.848233 ],
		"servers": [ 1, 1, 1, 2, 1, 1, 2, 2 | 2, 2, 2, 2, 2, 2, 2, 2, 2, 2, 2, 2, 2, 2, 2, 2, 2, 2, 2, 2 ],
		"workers": [ 1, 1, 1, 1, 2, 2, 2, 2 | 2, 2, 2, 2, 2, 2, 2, 2, 2, 2, 2, 2, 2, 2, 2, 2, 2, 2, 2, 2 ],
		"cost": [ 0.654228, 58567.894142, 58567.884180, 67250.983262, 99069.753984, 99069.753984, 99070.112969, 99070.112969 | 132880.176739, 132880.176739, 112421.730243, 112421.730243, 112421.737053, 112421.737053, 156638.817113, 156638.817113, 116963.651822, 116963.651822, 116963.618671, 116963.618671, 97713.917320, 97713.917320, 182717.076699, 182717.076699, 182717.043725, 182717.043725, 149174.664211, 149174.664211 ],
		"time": [ 11.790109, 28.793798, 28.463014, 29.732577, 35.610949, 35.667681, 33.694902, 33.702426 | 33.000280, 33.026528, 33.372859, 33.373682, 33.490227, 33.503961, 32.805889, 32.832378, 32.769320, 32.796683, 32.130599, 32.136581, 34.246986, 34.275502, 35.312260, 35.321525, 34.606557, 34.661342, 28.334017, 28.346283 ],
		"startTime": "2021-04-30 12:53:42.992547778 +0200 CEST m=+0.013630393",
		"EndTime": "2021-04-30 13:03:45.531984395 +0200 CEST m=+602.553067074",
		"totalTime":6.02539436681E+02
	}
]