[
	{
		"id": "y9g7hk5cvl",
		"nrOfEpochs": 20,
		"epochs": [ 2, 2, 2, 3, 4, 4, 5, 5 | 6, 7, 8, 9, 10, 11, 12, 13, 14, 15, 16, 17, 18, 19 ],
		"loss": [ 1.537602, 1.034783, 0.970241, 0.939617, 0.909726, 0.892831, 0.893708, 0.871269 | 0.886224, 0.880553, 0.875031, 0.869592, 0.864603, 0.860640, 0.857670, 0.855360, 0.853501, 0.851967, 0.850655, 0.849522, 0.848506, 0.847587 ],
		"servers": [ 1, 1, 1, 2, 1, 1, 2, 2 | 1, 1, 1, 1, 1, 1, 1, 1, 1, 1, 1, 1, 1, 1 ],
		"workers": [ 1, 1, 1, 1, 2, 2, 2, 2 | 1, 1, 1, 1, 1, 1, 1, 1, 1, 1, 1, 1, 1, 1 ],
		"cost": [ 0.635403, 64969.933277, 64969.932107, 53068.786353, 73297.586848, 73297.586848, 66086.945951, 66086.945951 | 35230.174850, 48142.155578, 48142.179974, 93636.988186, 30896.367116, 30896.344757, 102591.130845, 47212.048846, 47212.061731, 82699.339392, 30461.395148, 105187.369663, 105187.373605, 56280.889491 ],
		"time": [ 11.160705, 33.607826, 33.567360, 34.973227, 64.867828, 64.868137, 57.020852, 57.021936 | 33.082792, 33.312180, 34.123977, 33.788815, 33.721534, 32.977063, 33.272894, 33.041366, 33.473412, 33.001370, 33.407505, 32.489022, 32.627204, 33.087761 ],
		"startTime": "2021-05-04 12:46:32.540727403 +0200 CEST m=+0.013944278",
		"EndTime": "2021-05-04 13:00:34.455048309 +0200 CEST m=+841.928265241",
		"totalTime":8.41914320963E+02
	},
	{
		"id": "26k9jv8dxz",
		"nrOfEpochs": 20,
		"epochs": [ 2, 2, 2, 3, 4, 4, 5, 5 | 6, 7, 8, 9, 10, 11, 12, 13, 14, 15, 16, 17, 18, 19 ],
		"loss": [ 1.537602, 1.034783, 0.970241, 0.939617, 0.892831, 0.909726, 0.871269, 0.893708 | 0.886224, 0.880553, 0.875031, 0.869592, 0.864603, 0.860640, 0.857670, 0.855360, 0.853501, 0.851967, 0.850655, 0.849522, 0.848506, 0.847587 ],
		"servers": [ 1, 1, 1, 2, 1, 1, 2, 2 | 1, 1, 1, 1, 1, 1, 1, 1, 1, 1, 1, 1, 1, 1 ],
		"workers": [ 1, 1, 1, 1, 2, 2, 2, 2 | 1, 1, 1, 1, 1, 1, 1, 1, 1, 1, 1, 1, 1, 1 ],
		"cost": [ 0.645549, 61051.965314, 61051.973462, 64941.640408, 61449.084317, 61449.084317, 88860.441795, 88860.441795 | 69829.421571, 30660.672700, 30660.677544, 84036.165092, 16050.704687, 102053.458117, 102053.470833, 93879.559981, 100806.739970, 100806.748641, 56711.029520, 75047.375508, 75047.335863, 104793.773673 ],
		"time": [ 11.499530, 33.802097, 34.076194, 32.802686, 70.533416, 70.548618, 62.630056, 62.643551 | 34.132327, 34.580768, 34.739243, 33.357002, 34.325074, 33.816144, 34.236329, 34.151617, 33.318308, 33.611235, 34.416881, 34.423218, 33.099842, 33.212318 ],
		"startTime": "2021-05-04 12:46:32.540727403 +0200 CEST m=+0.013944278",
		"EndTime": "2021-05-04 13:00:49.896772191 +0200 CEST m=+857.369989102",
		"totalTime":8.57356044824E+02
	}
]