[
	{
		"id": "bl9x0renc1",
		"nrOfEpochs": 21,
		"epochs": [ 2, 2, 2, 3, 4, 4, 5, 5 | 6, 7, 8, 9, 10, 11, 12, 13, 14, 15, 16, 17, 18, 19, 20 ],
		"loss": [ 1.537602, 1.034783, 0.970241, 0.939617, 0.909726, 0.892831, 0.893708, 0.871269 | 0.886224, 0.880553, 0.875031, 0.869592, 0.864603, 0.860640, 0.857670, 0.855360, 0.853501, 0.851967, 0.850655, 0.849522, 0.848506, 0.847587, 0.846727 ],
		"servers": [ 1, 1, 1, 2, 1, 1, 2, 2 | 1, 1, 1, 1, 1, 1, 1, 1, 1, 1, 1, 1, 1, 1, 1 ],
		"workers": [ 1, 1, 1, 1, 2, 2, 2, 2 | 1, 1, 1, 1, 1, 1, 1, 1, 1, 1, 1, 1, 1, 1, 1 ],
		"cost": [ 0.596712, 1.111552, 102677.700316, 102678.329447, 103636.077114, 103636.077114, 82104.938741, 82104.938741 | 9383.038318, 9383.009080, 84500.492670, 84500.497206, 118031.514193, 118031.502564, 67936.407636, 88516.536319, 88516.552797, 74459.115112, 74459.135729, 75284.537861, 75284.502346, 59843.784562, 59843.840013 ],
		"time": [ 9.873095, 27.037646, 26.398524, 33.017620, 37.498828, 37.517257, 37.465298, 37.513280 | 27.116961, 26.142587, 25.878703, 26.027552, 27.032833, 26.646883, 26.342763, 26.151787, 26.699504, 26.488740, 27.172622, 26.993702, 25.808955, 25.280539, 27.129128 ],
		"startTime": "2021-04-30 15:02:12.972968449 +0200 CEST m=+0.013263615",
		"EndTime": "2021-04-30 15:14:12.500540416 +0200 CEST m=+719.540835652",
		"totalTime":7.19527572037E+02
	},
	{
		"id": "mbnd83q1zh",
		"nrOfEpochs": 21,
		"epochs": [ 2, 2, 2, 3, 4, 4, 5, 5 | 6, 7, 8, 9, 10, 11, 12, 13, 14, 15, 16, 17, 18, 19, 20 ],
		"loss": [ 1.537602, 1.034783, 0.970241, 0.939617, 0.909726, 0.892831, 0.871269, 0.893708 | 0.886224, 0.880553, 0.875031, 0.869592, 0.864603, 0.860640, 0.857670, 0.855360, 0.853501, 0.851967, 0.850655, 0.849522, 0.848506, 0.847587, 0.846727 ],
		"servers": [ 1, 1, 1, 2, 1, 1, 2, 2 | 1, 1, 1, 1, 1, 2, 1, 1, 1, 1, 2, 1, 1, 1, 1 ],
		"workers": [ 1, 1, 1, 1, 2, 2, 2, 2 | 1, 1, 1, 1, 1, 1, 1, 1, 1, 1, 1, 1, 1, 1, 1 ],
		"cost": [ 0.633567, 1.295186, 114857.225053, 72762.049733, 64671.421975, 64671.421975, 154740.333077, 154740.333077 | 38653.463253, 108915.201548, 108915.211941, 52046.978941, 113218.659547, 113219.039119, 115239.452176, 106560.723288, 106560.683086, 42985.526672, 58149.926961, 49914.124239, 70476.469171, 83928.017145, 83928.020329 ],
		"time": [ 11.100957, 33.158470, 33.123824, 33.326727, 45.067023, 45.102252, 33.948760, 33.951146 | 34.329253, 33.776656, 34.121889, 33.066472, 33.404957, 31.989432, 34.267479, 34.380704, 33.041275, 34.222234, 32.150991, 33.793577, 32.633148, 32.300326, 32.405700 ],
		"startTime": "2021-04-30 15:02:12.972968449 +0200 CEST m=+0.013263615",
		"EndTime": "2021-04-30 15:16:06.015631887 +0200 CEST m=+833.055927454",
		"totalTime":8.33042663839E+02
	}
]