[
	{
		"id": "fslldix1m7",
		"nrOfEpochs": 20,
		"epochs": [ 2, 2, 2, 3, 4, 4, 5, 5 | 6, 7, 8, 9, 10, 11, 12, 13, 14, 15, 16, 17, 18, 19 ],
		"loss": [ 1.537602, 1.034783, 0.970241, 0.939617, 0.909726, 0.892831, 0.871269, 0.893708 | 0.886224, 0.880553, 0.875031, 0.869592, 0.864603, 0.860640, 0.857670, 0.855360, 0.853501, 0.851967, 0.850655, 0.849522, 0.848506, 0.847587 ],
		"servers": [ 1, 1, 1, 2, 1, 1, 2, 2 | 1, 1, 1, 1, 1, 1, 1, 1, 1, 1, 1, 1, 1, 1 ],
		"workers": [ 1, 1, 1, 1, 2, 2, 2, 2 | 1, 1, 1, 1, 1, 1, 1, 1, 1, 1, 1, 1, 1, 1 ],
		"cost": [ 0.586147, 1.040926, 116542.648945, 116542.993023, 76854.320707, 76854.320707, 108616.408020, 108616.408020 | 41715.286870, 41715.281352, 20963.757131, 20963.756928, 135930.332905, 111139.934703, 111139.936034, 61486.755419, 61486.755278, 132128.879677, 79154.135344, 79154.149314, 26164.745286, 26164.762091 ],
		"time": [ 9.516828, 24.645977, 24.973925, 24.804992, 35.164619, 35.171133, 37.387284, 37.390973 | 25.120756, 24.935574, 25.372239, 25.368280, 25.662739, 25.112913, 25.157941, 25.100615, 25.095628, 25.318651, 24.880497, 25.347477, 24.619025, 25.181250 ],
		"startTime": "2021-05-11 13:53:08.282072553 +0200 CEST m=+0.014379457",
		"EndTime": "2021-05-11 14:07:12.868249358 +0200 CEST m=+844.600556396",
		"totalTime":8.44586176939E+02
	},
	{
		"id": "lwuani9unx",
		"nrOfEpochs": 20,
		"epochs": [ 2, 2, 2, 3, 4, 4, 5, 5 | 6, 7, 8, 9, 10, 11, 12, 13, 14, 15, 16, 17, 18, 19 ],
		"loss": [ 1.537602, 1.034783, 0.970241, 0.939617, 0.892831, 0.909726, 0.893708, 0.871269 | 0.886224, 0.880553, 0.875031, 0.869592, 0.864603, 0.860640, 0.857670, 0.855360, 0.853501, 0.851967, 0.850655, 0.849522, 0.848506, 0.847587 ],
		"servers": [ 1, 1, 1, 2, 1, 1, 2, 2 | 1, 1, 1, 1, 1, 1, 1, 1, 1, 1, 1, 1, 1, 1 ],
		"workers": [ 1, 1, 1, 1, 2, 2, 2, 2 | 1, 1, 1, 1, 1, 1, 1, 1, 1, 1, 1, 1, 1, 1 ],
		"cost": [ 0.593659, 1.065603, 123487.356411, 123487.983915, 175760.639697, 175760.639697, 191600.428596, 191600.428596 | 124290.432771, 124290.427497, 63506.543758, 63506.557883, 94130.853707, 110428.687627, 110428.685686, 32484.165613, 32484.185902, 157418.167505, 97536.347846, 97536.353109, 90690.009125, 90689.984130 ],
		"time": [ 9.770566, 25.501490, 25.100668, 32.008638, 63.410537, 63.416576, 66.791006, 66.806478 | 25.545979, 25.372699, 25.026759, 25.492889, 25.161603, 25.282221, 25.216820, 24.521090, 25.199343, 25.525983, 25.463682, 25.638249, 25.201611, 24.366437 ],
		"startTime": "2021-05-11 13:53:08.282072553 +0200 CEST m=+0.014379457",
		"EndTime": "2021-05-11 14:07:12.868333153 +0200 CEST m=+844.600640069",
		"totalTime":8.44586260612E+02
	},
	{
		"id": "65ufhloevh",
		"nrOfEpochs": 20,
		"epochs": [ 2, 2, 2, 3, 4, 4, 5, 5 | 6, 7, 8, 9, 10, 11, 12, 13, 14, 15, 16, 17, 18, 19 ],
		"loss": [ 1.537602, 1.034783, 0.970241, 0.939617, 0.909726, 0.892831, 0.893708, 0.871269 | 0.886224, 0.880553, 0.875031, 0.869592, 0.864603, 0.860640, 0.857670, 0.855360, 0.853501, 0.851967, 0.850655, 0.849522, 0.848506, 0.847587 ],
		"servers": [ 1, 1, 1, 2, 1, 1, 2, 2 | 1, 1, 1, 1, 1, 1, 1, 1, 1, 1, 1, 1, 1, 1 ],
		"workers": [ 1, 1, 1, 1, 2, 2, 2, 2 | 1, 1, 1, 1, 1, 1, 1, 1, 1, 1, 1, 1, 1, 1 ],
		"cost": [ 0.589654, 1.043372, 122469.413935, 122469.899031, 130057.661651, 130057.661651, 125159.806574, 125159.806574 | 69362.277988, 69362.283333, 17535.064063, 17535.060739, 142820.714614, 147076.493670, 147076.494908, 26053.853724, 26053.849696, 135493.710782, 44464.521246, 44464.533833, 12579.088991, 12579.065631 ],
		"time": [ 9.636219, 24.757769, 24.985870, 28.359166, 64.264570, 64.282805, 68.118823, 68.130318 | 24.998494, 25.177800, 25.212344, 25.100510, 25.093148, 25.238999, 25.274390, 25.150615, 25.014766, 24.822080, 25.021314, 25.440887, 25.347517, 24.572909 ],
		"startTime": "2021-05-11 13:53:08.282072553 +0200 CEST m=+0.014379457",
		"EndTime": "2021-05-11 14:07:12.868426774 +0200 CEST m=+844.600733677",
		"totalTime":8.4458635422E+02
	}
]