[
	{
		"id": "djjdwhb17d",
		"nrOfEpochs": 20,
		"epochs": [ 2, 2, 2, 3, 4, 4, 5, 5 | 6, 7, 8, 9, 10, 11, 12, 13, 14, 15, 16, 17, 18, 19 ],
		"loss": [ 1.537602, 1.034783, 0.970241, 0.939617, 0.892831, 0.909726, 0.871269, 0.893708 | 0.886224, 0.880553, 0.875031, 0.869592, 0.864603, 0.860640, 0.857670, 0.855360, 0.853501, 0.851967, 0.850655, 0.849522, 0.848506, 0.847587 ],
		"servers": [ 1, 1, 1, 2, 1, 1, 2, 2 | 1, 1, 1, 1, 1, 1, 1, 1, 1, 1, 1, 1, 1, 1 ],
		"workers": [ 1, 1, 1, 1, 2, 2, 2, 2 | 1, 1, 1, 1, 1, 1, 1, 1, 1, 1, 1, 1, 1, 1 ],
		"cost": [ 271.056498, 271.775151, 70434.277958, 119908.292288, 125340.184652, 125340.184652, 148980.217132, 148980.217132 | 75694.415783, 89443.595454, 60935.977521, 103599.083551, 103599.139215, 52674.586427, 32366.122994, 96648.381525, 96648.321613, 47096.468603, 95554.783975, 95554.818214, 63524.089334, 74784.475505 ],
		"time": [ 11.457205, 35.404991, 36.165591, 33.559843, 89.156815, 89.163445, 76.294077, 76.322567 | 35.952540, 34.469995, 34.653587, 34.864853, 36.724265, 35.652624, 36.871230, 36.964282, 34.966810, 33.981099, 35.216958, 36.361698, 33.314680, 32.222663 ],
		"startTime": "2021-05-11 13:11:53.189752777 +0200 CEST m=+0.013800530",
		"EndTime": "2021-05-11 13:28:25.399504424 +0200 CEST m=+992.223552251",
		"totalTime":9.92209751721E+02
	},
	{
		"id": "o6fjkukts9",
		"nrOfEpochs": 20,
		"epochs": [ 2, 2, 2, 3, 4, 4, 5, 5 | 6, 7, 8, 9, 10, 11, 12, 13, 14, 15, 16, 17, 18, 19 ],
		"loss": [ 1.537602, 1.034783, 0.970241, 0.939617, 0.892831, 0.909726, 0.871269, 0.893708 | 0.886224, 0.880553, 0.875031, 0.869592, 0.864603, 0.860640, 0.857670, 0.855360, 0.853501, 0.851967, 0.850655, 0.849522, 0.848506, 0.847587 ],
		"servers": [ 1, 1, 1, 2, 1, 1, 2, 2 | 1, 1, 1, 1, 1, 1, 1, 1, 2, 1, 1, 1, 1, 1 ],
		"workers": [ 1, 1, 1, 1, 2, 2, 2, 2 | 1, 1, 1, 1, 1, 1, 1, 1, 1, 1, 1, 1, 1, 1 ],
		"cost": [ 0.596358, 1.250477, 119986.218626, 119986.481299, 116757.060392, 116757.060392, 159716.351577, 159716.351577 | 44.183088, 96167.502369, 96167.501313, 148319.055045, 59002.216946, 59002.178468, 76515.522339, 22667.505067, 22667.881817, 134896.028639, 107116.279298, 107116.266458, 126649.499911, 126649.540257 ],
		"time": [ 9.860172, 31.660629, 32.835027, 28.683715, 74.759350, 74.793030, 57.248780, 57.263443 | 32.193426, 29.672804, 29.636827, 28.203638, 31.869195, 30.586624, 30.563832, 31.537375, 30.565187, 30.074090, 30.562552, 30.132185, 29.357608, 30.703334 ],
		"startTime": "2021-05-11 13:11:53.189752777 +0200 CEST m=+0.013800530",
		"EndTime": "2021-05-11 13:27:14.747573977 +0200 CEST m=+921.571621759",
		"totalTime":9.21557821229E+02
	},
	{
		"id": "5izsrwxbca",
		"nrOfEpochs": 20,
		"epochs": [ 2, 2, 2, 3, 4, 4, 5, 5 | 6, 7, 8, 9, 10, 11, 12, 13, 14, 15, 16, 17, 18, 19 ],
		"loss": [ 1.537602, 1.034783, 0.970241, 0.939617, 0.892831, 0.909726, 0.893708, 0.871269 | 0.886224, 0.880553, 0.875031, 0.869592, 0.864603, 0.860640, 0.857670, 0.855360, 0.853501, 0.851967, 0.850655, 0.849522, 0.848506, 0.847587 ],
		"servers": [ 1, 1, 1, 2, 1, 1, 2, 2 | 1, 1, 1, 1, 1, 1, 1, 1, 1, 1, 1, 1, 1, 1 ],
		"workers": [ 1, 1, 1, 1, 2, 2, 2, 2 | 1, 1, 1, 1, 1, 1, 1, 1, 1, 1, 1, 1, 1, 1 ],
		"cost": [ 0.642127, 1.378280, 86162.236459, 66985.282574, 107975.866522, 107975.866522, 91700.099725, 91700.099725 | 52564.790539, 95277.792589, 72431.720541, 80038.075643, 80038.041408, 51446.244026, 86023.610507, 86023.598081, 67425.155965, 95311.528945, 95311.526292, 89889.513013, 59215.070204, 59215.025907 ],
		"time": [ 11.381177, 35.920362, 35.379370, 32.853447, 77.672048, 77.721521, 71.721207, 71.739940 | 35.516610, 35.551888, 35.834378, 36.761332, 35.616655, 35.635875, 35.860760, 35.439229, 36.025998, 36.149220, 36.038303, 34.595779, 34.156250, 32.683806 ],
		"startTime": "2021-05-11 13:11:53.189752777 +0200 CEST m=+0.013800530",
		"EndTime": "2021-05-11 13:28:09.781385364 +0200 CEST m=+976.605433247",
		"totalTime":9.76591632717E+02
	}
]