[
	{
		"id": "mmw0a3bvmq",
		"nrOfEpochs": 20,
		"epochs": [ 2, 2, 2, 3, 4, 4, 5, 5 | 6, 7, 8, 9, 10, 11, 12, 13, 14, 15, 16, 17, 18, 19 ],
		"loss": [ 1.537602, 1.034783, 0.970241, 0.939617, 0.909726, 0.892831, 0.893708, 0.871269 | 0.886224, 0.880553, 0.875031, 0.869592, 0.864603, 0.860640, 0.857670, 0.855360, 0.853501, 0.851967, 0.850655, 0.849522, 0.848506, 0.847587 ],
		"servers": [ 1, 1, 1, 2, 1, 1, 2, 2 | 1, 1, 1, 1, 1, 1, 1, 1, 1, 1, 1, 1, 1, 1 ],
		"workers": [ 1, 1, 1, 1, 2, 2, 2, 2 | 1, 1, 1, 1, 1, 1, 1, 1, 1, 1, 1, 1, 1, 1 ],
		"cost": [ 0.586683, 23475.536974, 23475.555852, 62371.893536, 176437.932905, 176437.932905, 183515.153907, 183515.153907 | 85446.251598, 35966.482760, 123454.275288, 123454.296080, 74313.181583, 74313.208696, 93840.751149, 96797.200126, 96797.218548, 34563.523648, 34563.521036, 68855.239503, 94158.148191, 94158.174462 ],
		"time": [ 9.534457, 24.226290, 24.854552, 33.128130, 45.332905, 45.361884, 45.658463, 45.699803 | 25.002463, 24.810897, 24.651761, 25.344593, 24.599638, 25.506346, 25.623766, 24.760218, 25.383290, 24.520200, 24.430392, 25.308831, 24.759340, 25.637835 ],
		"startTime": "2021-05-10 15:29:43.252493093 +0200 CEST m=+0.013747813",
		"EndTime": "2021-05-10 15:42:00.875842459 +0200 CEST m=+737.637097218",
		"totalTime":7.37623349405E+02
	},
	{
		"id": "shm41vdnf3",
		"nrOfEpochs": 20,
		"epochs": [ 2, 2, 2, 3, 4, 4, 5, 5 | 6, 7, 8, 9, 10, 11, 12, 13, 14, 15, 16, 17, 18, 19 ],
		"loss": [ 1.537602, 1.034783, 0.970241, 0.939617, 0.892831, 0.909726, 0.893708, 0.871269 | 0.886224, 0.880553, 0.875031, 0.869592, 0.864603, 0.860640, 0.857670, 0.855360, 0.853501, 0.851967, 0.850655, 0.849522, 0.848506, 0.847587 ],
		"servers": [ 1, 1, 1, 2, 1, 1, 2, 2 | 1, 1, 1, 1, 1, 1, 1, 1, 1, 1, 1, 1, 1, 1 ],
		"workers": [ 1, 1, 1, 1, 2, 2, 2, 2 | 1, 1, 1, 1, 1, 1, 1, 1, 1, 1, 1, 1, 1, 1 ],
		"cost": [ 0.588382, 43500.452272, 43500.474050, 45020.391241, 113440.419095, 113440.419095, 197173.834408, 197173.834408 | 94965.112567, 86105.048056, 156444.479394, 156444.503914, 64720.755027, 64720.764816, 134024.052679, 77890.350592, 77890.344524, 12847.437503, 12847.422889, 149376.902163, 108037.080497, 108037.065999 ],
		"time": [ 9.590935, 24.304939, 25.010473, 35.427194, 43.024386, 43.034955, 43.620674, 43.645331 | 25.056560, 25.735799, 24.477154, 25.244116, 24.842619, 25.166901, 25.284822, 25.274509, 25.071399, 25.477518, 25.040120, 24.945883, 25.215952, 24.735666 ],
		"startTime": "2021-05-10 15:29:43.252493093 +0200 CEST m=+0.013747813",
		"EndTime": "2021-05-10 15:42:00.875934952 +0200 CEST m=+737.637189677",
		"totalTime":7.37623441864E+02
	},
	{
		"id": "2eq5ugpyd4",
		"nrOfEpochs": 20,
		"epochs": [ 2, 2, 2, 3, 4, 4, 5, 5 | 6, 7, 8, 9, 10, 11, 12, 13, 14, 15, 16, 17, 18, 19 ],
		"loss": [ 1.537602, 1.034783, 0.970241, 0.939617, 0.892831, 0.909726, 0.893708, 0.871269 | 0.886224, 0.880553, 0.875031, 0.869592, 0.864603, 0.860640, 0.857670, 0.855360, 0.853501, 0.851967, 0.850655, 0.849522, 0.848506, 0.847587 ],
		"servers": [ 1, 1, 1, 2, 1, 1, 2, 2 | 1, 1, 1, 1, 1, 1, 1, 1, 1, 1, 1, 1, 1, 1 ],
		"workers": [ 1, 1, 1, 1, 2, 2, 2, 2 | 1, 1, 1, 1, 1, 1, 1, 1, 1, 1, 1, 1, 1, 1 ],
		"cost": [ 0.587206, 49665.280015, 49665.301764, 55044.594287, 226283.653977, 226283.653977, 226284.232138, 226284.232138 | 88804.583900, 15589.488174, 105582.866479, 105582.860659, 16070.283774, 16070.263293, 146709.102303, 77332.254814, 77332.254546, 129692.070318, 129692.076297, 142627.464715, 21534.039894, 21534.034824 ],
		"time": [ 9.542386, 24.556257, 25.277244, 25.706454, 37.837445, 37.865131, 39.837588, 39.840947 | 25.044324, 24.702343, 25.185297, 24.996947, 25.577299, 24.894004, 24.939404, 24.947223, 24.945404, 24.736325, 24.925056, 24.742431, 25.091695, 24.917495 ],
		"startTime": "2021-05-10 15:29:43.252493093 +0200 CEST m=+0.013747813",
		"EndTime": "2021-05-10 15:42:00.876025275 +0200 CEST m=+737.637279993",
		"totalTime":7.3762353218E+02
	}
]