[
	{
		"id": "8urr3ys3eg",
		"nrOfEpochs": 20,
		"epochs": [ 2, 2, 2, 3, 4, 4, 5, 5 | 6, 7, 8, 9, 10, 11, 12, 13, 14, 15, 16, 17, 18, 19 ],
		"loss": [ 1.537602, 1.034783, 0.970241, 0.939617, 0.892831, 0.909726, 0.893708, 0.871269 | 0.886224, 0.880553, 0.875031, 0.869592, 0.864603, 0.860640, 0.857670, 0.855360, 0.853501, 0.851967, 0.850655, 0.849522, 0.848506, 0.847587 ],
		"servers": [ 1, 1, 1, 2, 1, 1, 2, 2 | 1, 1, 1, 1, 1, 1, 1, 1, 1, 1, 1, 1, 1, 1 ],
		"workers": [ 1, 1, 1, 1, 2, 2, 2, 2 | 1, 1, 1, 1, 1, 1, 1, 1, 1, 1, 1, 1, 1, 1 ],
		"cost": [ 0.593103, 71215.197256, 71215.228241, 72358.584894, 62660.934486, 62660.934486, 98940.730664, 98940.730664 | 104603.035411, 104603.019359, 81392.889802, 81392.914299, 21510.580139, 21510.562695, 111021.178048, 111021.196677, 69985.882098, 69985.861639, 53630.106664, 53630.109032, 81028.051723, 81028.038596 ],
		"time": [ 9.735350, 24.266380, 25.300101, 25.701002, 36.485504, 36.509188, 37.145746, 37.151049 | 25.573920, 25.036334, 24.522816, 25.318936, 25.156175, 24.575284, 24.597415, 25.221715, 25.647982, 24.961124, 25.280439, 25.351707, 25.255953, 24.821120 ],
		"startTime": "2021-05-07 13:44:32.88044166 +0200 CEST m=+0.013428214",
		"EndTime": "2021-05-07 13:55:51.166284934 +0200 CEST m=+678.299271502",
		"totalTime":6.78285843288E+02
	},
	{
		"id": "4h0at5wn8t",
		"nrOfEpochs": 20,
		"epochs": [ 2, 2, 2, 3, 4, 4, 5, 5 | 6, 7, 8, 9, 10, 11, 12, 13, 14, 15, 16, 17, 18, 19 ],
		"loss": [ 1.537602, 1.034783, 0.970241, 0.939617, 0.892831, 0.909726, 0.871269, 0.893708 | 0.886224, 0.880553, 0.875031, 0.869592, 0.864603, 0.860640, 0.857670, 0.855360, 0.853501, 0.851967, 0.850655, 0.849522, 0.848506, 0.847587 ],
		"servers": [ 1, 1, 1, 2, 1, 1, 2, 2 | 1, 1, 1, 1, 1, 1, 1, 1, 1, 1, 1, 1, 1, 1 ],
		"workers": [ 1, 1, 1, 1, 2, 2, 2, 2 | 1, 1, 1, 1, 1, 1, 1, 1, 1, 1, 1, 1, 1, 1 ],
		"cost": [ 0.586846, 56630.858880, 56630.874448, 145592.727847, 134088.887572, 134088.887572, 86996.255694, 86996.255694 | 149083.332624, 149083.334899, 23186.928130, 23186.920184, 90769.142456, 90769.156580, 60713.224540, 60713.219715, 78140.939255, 78140.951506, 80459.360195, 80459.352563, 80459.354595, 153785.424044 ],
		"time": [ 9.543980, 23.859925, 24.379034, 24.574472, 35.310984, 35.312476, 37.559074, 37.594108 | 25.051751, 25.126691, 24.587816, 24.326174, 24.667860, 25.139021, 25.117000, 24.953360, 25.009341, 25.417676, 25.336389, 25.082377, 25.150773, 25.148679 ],
		"startTime": "2021-05-07 13:44:32.88044166 +0200 CEST m=+0.013428214",
		"EndTime": "2021-05-07 13:55:45.718589997 +0200 CEST m=+672.851576574",
		"totalTime":6.7283814836E+02
	}
]