[
	{
		"id": "dpm6hpl4ag",
		"nrOfEpochs": 20,
		"epochs": [ 2, 2, 2, 3, 4, 4, 5, 5 | 6, 7, 8, 9, 10, 11, 12, 13, 14, 15, 16, 17, 18, 19 ],
		"loss": [ 1.537602, 1.034783, 0.970241, 0.939617, 0.892831, 0.909726, 0.871269, 0.893708 | 0.886224, 0.880553, 0.875031, 0.869592, 0.864603, 0.860640, 0.857670, 0.855360, 0.853501, 0.851967, 0.850655, 0.849522, 0.848506, 0.847587 ],
		"servers": [ 1, 1, 1, 2, 1, 1, 2, 2 | 1, 1, 1, 1, 1, 1, 1, 1, 1, 1, 1, 1, 1, 1 ],
		"workers": [ 1, 1, 1, 1, 2, 2, 2, 2 | 1, 1, 1, 1, 1, 1, 1, 1, 1, 1, 1, 1, 1, 1 ],
		"cost": [ 0.586582, 1.112776, 110300.311755, 110300.934850, 104003.067997, 104003.067997, 137700.781072, 137700.781072 | 213.804950, 213.780357, 122876.851503, 122876.861343, 93841.821545, 125847.557467, 125847.566415, 90632.053582, 90632.050266, 71950.570531, 71950.567088, 37623.649850, 37623.615550, 125853.114999 ],
		"time": [ 9.497261, 27.076162, 26.253347, 32.759334, 40.377180, 40.426127, 36.725130, 36.748390 | 27.641145, 26.825056, 26.075372, 26.407404, 27.874198, 26.397944, 26.681259, 26.264797, 26.155260, 27.818055, 27.702774, 27.026429, 25.880543, 27.060018 ],
		"startTime": "2021-05-05 12:08:22.483836697 +0200 CEST m=+0.013943093",
		"EndTime": "2021-05-05 12:19:38.951582819 +0200 CEST m=+676.481689259",
		"totalTime":6.76467746166E+02
	},
	{
		"id": "97m3bxlhwz",
		"nrOfEpochs": 20,
		"epochs": [ 2, 2, 2, 3, 4, 4, 5, 5 | 6, 7, 8, 9, 10, 11, 12, 13, 14, 15, 16, 17, 18, 19 ],
		"loss": [ 1.537602, 1.034783, 0.970241, 0.939617, 0.892831, 0.909726, 0.871269, 0.893708 | 0.886224, 0.880553, 0.875031, 0.869592, 0.864603, 0.860640, 0.857670, 0.855360, 0.853501, 0.851967, 0.850655, 0.849522, 0.848506, 0.847587 ],
		"servers": [ 1, 1, 1, 2, 1, 1, 2, 2 | 1, 1, 1, 1, 1, 1, 1, 1, 1, 1, 1, 1, 1, 1 ],
		"workers": [ 1, 1, 1, 1, 2, 2, 2, 2 | 1, 1, 1, 1, 1, 1, 1, 1, 1, 1, 1, 1, 1, 1 ],
		"cost": [ 0.631920, 68594.357969, 68594.379829, 53709.749294, 150284.004227, 150284.004227, 150284.364321, 150284.364321 | 87046.336699, 66434.792321, 66434.788404, 93748.202427, 92402.893840, 92402.906950, 107232.100892, 85762.067048, 85762.077398, 73671.103510, 103939.939527, 103939.914900, 66939.897396, 66939.897620 ],
		"time": [ 11.047461, 32.594387, 33.323089, 25.099996, 45.257935, 45.286182, 41.447308, 41.449378 | 32.876176, 33.306733, 33.175346, 33.481935, 32.752489, 33.190970, 33.058714, 33.140075, 33.483574, 32.882479, 33.234289, 32.411338, 32.101152, 32.090146 ],
		"startTime": "2021-05-05 12:08:22.483836697 +0200 CEST m=+0.013943093",
		"EndTime": "2021-05-05 12:21:18.617440203 +0200 CEST m=+776.147546642",
		"totalTime":7.76133603549E+02
	}
]