[
	{
		"id": "q8bxlxk50f",
		"nrOfEpochs": 14,
		"epochs": [ 2, 2, 2, 3, 4, 4, 5, 5 | 6, 6, 7, 7, 8, 8, 9, 9, 10, 10, 11, 11, 12, 12, 13, 13 ],
		"loss": [ 1.537602, 1.034783, 0.970241, 0.939617, 0.892831, 0.909726, 0.893708, 0.871269 | 0.883478, 0.861142, 0.854904, 0.872900, 0.850104, 0.864506, 0.860711, 0.846174, 0.858504, 0.842719, 0.839560, 0.849534, 0.847298, 0.836528, 0.833655, 0.841315 ],
		"servers": [ 1, 1, 1, 2, 1, 1, 2, 2 | 2, 2, 2, 2, 2, 2, 2, 2, 2, 2, 2, 2, 2, 2, 2, 2 ],
		"workers": [ 1, 1, 1, 1, 2, 2, 2, 2 | 2, 2, 2, 2, 2, 2, 2, 2, 2, 2, 2, 2, 2, 2, 2, 2 ],
		"cost": [ 0.589405, 21647.510772, 21647.522822, 70736.706422, 64676.953178, 64676.953178, 179575.604672, 179575.604672 | 14141.611053, 14141.611053, 253040.846341, 253040.846341, 116519.353390, 116519.353390, 242153.370933, 242153.370933, 242153.373861, 242153.373861, 198065.897992, 198065.897992, 101962.459052, 101962.459052, 204300.995946, 204300.995946 ],
		"time": [ 9.630245, 24.517896, 24.918427, 24.181591, 35.190893, 35.193081, 37.411000, 37.414128 | 36.383722, 36.391025, 38.565786, 38.575091, 39.002025, 39.015081, 37.407412, 37.457773, 37.506471, 37.515378, 37.235863, 37.250138, 39.380804, 39.407009, 36.266342, 36.282865 ],
		"startTime": "2021-05-08 12:06:23.593838553 +0200 CEST m=+0.013407290",
		"EndTime": "2021-05-08 12:16:18.091002837 +0200 CEST m=+594.510571604",
		"totalTime":5.94497164314E+02
	},
	{
		"id": "2y5uu42od6",
		"nrOfEpochs": 14,
		"epochs": [ 2, 2, 2, 3, 4, 4, 5, 5 | 6, 6, 7, 7, 8, 8, 9, 9, 10, 10, 11, 11, 12, 12, 13, 13 ],
		"loss": [ 1.537602, 1.034783, 0.970241, 0.939617, 0.892831, 0.909726, 0.871269, 0.893708 | 0.861142, 0.883478, 0.875235, 0.854904, 0.868315, 0.850104, 0.846174, 0.858946, 0.855689, 0.842719, 0.839560, 0.848618, 0.836528, 0.844623, 0.833655, 0.840597 ],
		"servers": [ 1, 1, 1, 2, 1, 1, 2, 2 | 2, 2, 2, 2, 2, 2, 2, 2, 2, 2, 2, 2, 2, 2, 2, 2 ],
		"workers": [ 1, 1, 1, 1, 2, 2, 2, 2 | 2, 2, 2, 2, 2, 2, 2, 2, 2, 2, 2, 2, 2, 2, 2, 2 ],
		"cost": [ 0.630483, 62045.517913, 62045.526384, 54365.031180, 104339.107986, 104339.107986, 150151.402211, 150151.402211 | 183607.722155, 183607.722155, 183607.728754, 183607.728754, 122594.121399, 122594.121399, 72263.795192, 72263.795192, 157724.472476, 157724.472476, 175921.140005, 175921.140005, 175921.165076, 175921.165076, 161188.884462, 161188.884462 ],
		"time": [ 10.997561, 32.385252, 32.659771, 31.081112, 44.368720, 44.374384, 43.731611, 43.746040 | 43.584084, 43.590752, 43.705696, 43.721168, 44.891278, 44.932390, 44.200950, 44.215405, 43.738722, 43.760958, 43.813618, 43.859854, 44.317830, 44.360765, 45.324658, 45.336085 ],
		"startTime": "2021-05-08 12:06:23.593838553 +0200 CEST m=+0.013407290",
		"EndTime": "2021-05-08 12:17:03.87456013 +0200 CEST m=+640.294131605",
		"totalTime":6.40280724315E+02
	}
]