[
	{
		"id": "2xyxnwyce2",
		"nrOfEpochs": 20,
		"epochs": [ 2, 2, 2, 3, 4, 4, 5, 5 | 6, 7, 8, 9, 10, 11, 12, 13, 14, 15, 16, 17, 18, 19 ],
		"loss": [ 1.537602, 1.034783, 0.970241, 0.939617, 0.909726, 0.892831, 0.871269, 0.893708 | 0.886224, 0.880553, 0.875031, 0.869592, 0.864603, 0.860640, 0.857670, 0.855360, 0.853501, 0.851967, 0.850655, 0.849522, 0.848506, 0.847587 ],
		"servers": [ 1, 1, 1, 2, 1, 1, 2, 2 | 1, 1, 1, 1, 1, 1, 2, 1, 1, 1, 1, 1, 1, 1 ],
		"workers": [ 1, 1, 1, 1, 2, 2, 2, 2 | 1, 1, 1, 1, 1, 1, 1, 1, 1, 1, 1, 1, 1, 1 ],
		"cost": [ 0.651240, 1.359744, 102089.565807, 50962.785605, 132524.904079, 132524.904079, 60282.432334, 60282.432334 | 74107.170050, 99127.058118, 99127.004740, 52512.246775, 107326.182277, 107326.185925, 13440.261152, 87223.450150, 87223.446603, 35908.151749, 36113.022441, 36113.023500, 54124.502541, 97767.974275 ],
		"time": [ 11.689184, 35.305807, 34.976404, 34.107019, 71.938193, 71.980824, 52.446609, 52.452812 | 34.892157, 36.613439, 34.835284, 34.807950, 34.941509, 35.065618, 34.751344, 34.381335, 34.261784, 33.676423, 34.470317, 34.502284, 34.490338, 33.298070 ],
		"startTime": "2021-05-06 10:06:14.829227258 +0200 CEST m=+0.013341373",
		"EndTime": "2021-05-06 10:20:28.049301455 +0200 CEST m=+853.233415612",
		"totalTime":8.53220074239E+02
	},
	{
		"id": "uc4doehf1v",
		"nrOfEpochs": 20,
		"epochs": [ 2, 2, 2, 3, 4, 4, 5, 5 | 6, 7, 8, 9, 10, 11, 12, 13, 14, 15, 16, 17, 18, 19 ],
		"loss": [ 1.537602, 1.034783, 0.970241, 0.939617, 0.909726, 0.892831, 0.893708, 0.871269 | 0.886224, 0.880553, 0.875031, 0.869592, 0.864603, 0.860640, 0.857670, 0.855360, 0.853501, 0.851967, 0.850655, 0.849522, 0.848506, 0.847587 ],
		"servers": [ 1, 1, 1, 2, 1, 1, 2, 2 | 1, 1, 1, 1, 1, 1, 2, 1, 1, 1, 1, 1, 2, 1 ],
		"workers": [ 1, 1, 1, 1, 2, 2, 2, 2 | 1, 1, 1, 1, 1, 1, 1, 1, 1, 1, 1, 1, 1, 1 ],
		"cost": [ 0.639581, 1.332964, 94424.924381, 81818.448826, 151849.053979, 151849.053979, 216175.611183, 216175.611183 | 51887.663799, 51887.655361, 99084.208122, 75761.936954, 75761.975705, 99748.991693, 23723.702313, 16570.615581, 100767.312058, 48428.824287, 48428.802280, 65078.465729, 32790.040922, 25387.678339 ],
		"time": [ 11.297513, 34.411035, 35.189138, 34.248751, 54.461060, 54.515146, 40.698473, 40.780129 | 34.909643, 34.625346, 34.113245, 34.098621, 35.388843, 34.677553, 32.446729, 33.159244, 34.075306, 34.471948, 33.740077, 34.402081, 31.924906, 33.705242 ],
		"startTime": "2021-05-06 10:06:14.829227258 +0200 CEST m=+0.013341373",
		"EndTime": "2021-05-06 10:20:12.539912818 +0200 CEST m=+837.724027038",
		"totalTime":8.37710685665E+02
	}
]