[
	{
		"id": "mixkil53nv",
		"nrOfEpochs": 18,
		"epochs": [ 2, 2, 2, 3, 4, 4, 5, 5 | 6, 6, 7, 7, 8, 8, 9, 9, 10, 10, 11, 11, 12, 12, 13, 13, 14, 14, 15, 15, 16, 16, 17, 17 ],
		"loss": [ 2.499719, 1.820120, 1.430031, 1.546022, 1.624183, 1.762747, 1.460787, 1.364126 | 1.551573, 1.294385, 1.241715, 1.171654, 0.588260, 0.806738, 0.740392, 0.909752, 0.532153, 0.715459, 0.666163, 0.605822, 0.685870, 0.359818, 0.573940, 0.497734, 0.544637, 0.532400, 0.264354, 0.191158, 0.406056, 0.374615, 0.353717, 0.317980 ],
		"servers": [ 1, 1, 1, 2, 1, 1, 2, 2 | 2, 2, 2, 2, 2, 2, 2, 2, 2, 2, 2, 2, 2, 2, 2, 2, 2, 2, 2, 2, 2, 2, 2, 2 ],
		"workers": [ 1, 1, 1, 1, 2, 2, 2, 2 | 2, 2, 2, 2, 2, 2, 2, 2, 2, 2, 2, 2, 2, 2, 2, 2, 2, 2, 2, 2, 2, 2, 2, 2 ],
		"cost": [ 174342.476782, 174341.848536, 127503.547831, 144506.027836, 272340.409929, 272340.409929, 271993.694042, 271993.694042 | 275836.236971, 275836.236971, 262867.238048, 262867.238048, 268870.700996, 268870.700996, 274835.815030, 274835.815030, 274643.897527, 274643.897527, 264991.226295, 264991.226295, 271625.015010, 271625.015010, 268867.510547, 268867.510547, 268867.305070, 268867.305070, 278419.889203, 278419.889203, 262386.198954, 262386.198954, 244401.752078, 244401.752078 ],
		"time": [ 52.111537, 31.170651, 32.098029, 32.842193, 51.392517, 51.407907, 53.500155, 53.563897 | 54.233252, 54.264701, 54.840107, 54.844372, 54.541874, 54.564598, 51.641430, 51.701107, 54.123375, 54.123807, 55.513021, 55.553978, 56.111686, 56.141812, 56.387735, 56.418726, 52.302381, 52.311886, 55.901282, 55.941965, 53.637130, 53.650101, 52.403626, 52.438968 ],
		"startTime": "2021-05-08 12:41:34.165424099 +0200 CEST m=+0.013839194",
		"EndTime": "2021-05-08 12:59:13.610010685 +0200 CEST m=+1059.458425800",
		"totalTime":1.059444586606E+03
	},
	{
		"id": "d0ku5ljls4",
		"nrOfEpochs": 18,
		"epochs": [ 2, 2, 2, 3, 4, 4, 5, 5 | 6, 6, 7, 7, 8, 8, 9, 9, 10, 10, 11, 11, 12, 12, 13, 13, 14, 14, 15, 15, 16, 16, 17, 17 ],
		"loss": [ 1.695610, 1.695610, 1.399768, 1.596996, 1.432506, 1.564098, 1.394990, 1.477671 | 1.126588, 1.399170, 1.059539, 1.114629, 0.792084, 0.956013, 0.845381, 0.953529, 0.932327, 0.885579, 0.639457, 0.813193, 0.760427, 0.784790, 0.770895, 0.553862, 0.601653, 0.521782, 0.196258, 0.239394, 0.393174, 0.390452, 0.222362, 0.113240 ],
		"servers": [ 1, 1, 1, 2, 1, 1, 2, 2 | 2, 2, 2, 2, 2, 2, 2, 2, 2, 2, 2, 2, 2, 2, 2, 2, 2, 2, 2, 2, 2, 2, 2, 2 ],
		"workers": [ 1, 1, 1, 1, 2, 2, 2, 2 | 2, 2, 2, 2, 2, 2, 2, 2, 2, 2, 2, 2, 2, 2, 2, 2, 2, 2, 2, 2, 2, 2, 2, 2 ],
		"cost": [ 137485.973378, 137485.395944, 170969.211862, 159157.119269, 268274.578048, 268274.578048, 270953.891823, 270953.891823 | 284845.130557, 284845.130557, 284845.164880, 284845.164880, 252249.398443, 252249.398443, 243232.992840, 243232.992840, 107988.656250, 107988.656250, 69874.366498, 69874.366498, 132256.137333, 132256.137333, 220778.490490, 220778.490490, 217409.355142, 217409.355142, 268131.393095, 268131.393095, 274037.538192, 274037.538192, 277795.913643, 277795.913643 ],
		"time": [ 51.062823, 31.816031, 31.826335, 31.964824, 51.505796, 51.507872, 50.175969, 50.209008 | 49.925419, 49.954378, 50.628007, 50.646751, 48.948579, 48.969425, 49.831057, 49.843652, 50.353889, 50.364241, 50.450952, 50.560047, 51.089952, 51.098951, 49.322612, 49.368687, 50.305134, 50.333225, 49.184418, 49.241257, 50.155139, 50.197232, 51.843848, 51.852925 ],
		"startTime": "2021-05-08 12:41:34.165424099 +0200 CEST m=+0.013839194",
		"EndTime": "2021-05-08 12:58:17.838306977 +0200 CEST m=+1003.686722116",
		"totalTime":1.003672882922E+03
	}
]