[
	{
		"id": "m0e4719gbk",
		"epochs":39,
		"loss":[ 1.537602, 0.909726, 0.871269 | 0.886224, 0.880553, 0.875031, 0.869592, 0.864603, 0.860640, 0.857670, 0.855360, 0.853501, 0.851967, 0.850655, 0.849522, 0.848506, 0.847587, 0.846727, 0.845904, 0.845105, 0.844324, 0.843554, 0.842810, 0.842064, 0.841264, 0.840435, 0.839555, 0.838633, 0.837611, 0.836491, 0.835229, 0.833847, 0.832357, 0.830839, 0.829428, 0.828194, 0.827167 ],
		"servers":[ 1, 1, 2 | 1, 1, 1, 1, 1, 2, 1, 1, 1, 1, 1, 1, 2, 1, 1, 1, 1, 1, 2, 1, 1, 2, 1, 2, 1, 1, 1, 2, 2, 2, 1, 2, 2, 1 ],
		"workers":[ 1, 2, 2 | 1, 1, 1, 1, 1, 1, 1, 1, 1, 1, 1, 1, 1, 1, 1, 1, 1, 1, 1, 1, 1, 1, 1, 1, 1, 1, 1, 1, 1, 1, 1, 1, 1, 1 ],
		"cost":[ 0.641556, 162596.200224, 177462.877620 | 97383.962680, 26921.026607, 108917.581053, 108917.576015, 17947.888171, 87555.723611, 77040.199148, 33411.584411, 105389.210048, 105389.173410, 48377.090576, 46207.964528, 128889.971916, 114649.853794, 36233.346351, 72984.924558, 72984.934847, 86579.972740, 9707.323507, 9706.968422, 100502.191745, 35890.907366, 59042.610121, 59043.001712, 84843.161330, 20327.561259, 104066.749201, 104067.080098, 48464.051630, 69879.512700, 61599.671590, 37360.095417, 64953.517523, 51747.318917 ],
		"time":[ 11.371235, 46.985423, 38.656338 | 34.286785, 34.067844, 33.560087, 33.506667, 33.295830, 32.035207, 33.211672, 33.856521, 34.232485, 33.007196, 33.737293, 34.269474, 33.228316, 33.726790, 33.197122, 34.000973, 34.342963, 33.889928, 31.818535, 33.928442, 34.268246, 32.224922, 33.899690, 32.710012, 34.031972, 34.283654, 34.230858, 31.441667, 32.250213, 31.933326, 33.197884, 31.437070, 32.017082, 32.635725 ],
		"startTime":22,
		"EndTime":4,
		"totalTime":1.662121769137E+03
	},
	{
		"id": "h7ai2fdfnb",
		"epochs":39,
		"loss":[ 1.537602, 0.892831, 0.871269 | 0.886224, 0.880553, 0.875031, 0.869592, 0.864603, 0.860640, 0.857670, 0.855360, 0.853501, 0.851967, 0.850655, 0.849522, 0.848506, 0.847587, 0.846727, 0.845904, 0.845105, 0.844324, 0.843554, 0.842810, 0.842064, 0.841264, 0.840435, 0.839555, 0.838633, 0.837611, 0.836491, 0.835229, 0.833847, 0.832357, 0.830839, 0.829428, 0.828194, 0.827167 ],
		"servers":[ 1, 1, 2 | 1, 1, 1, 1, 1, 1, 1, 1, 1, 1, 1, 1, 1, 1, 1, 1, 1, 1, 1, 1, 1, 1, 2, 1, 1, 1, 1, 1, 1, 1, 1, 2, 1, 1 ],
		"workers":[ 1, 2, 2 | 1, 1, 1, 1, 1, 1, 1, 1, 1, 1, 1, 1, 1, 1, 1, 1, 1, 1, 1, 1, 1, 1, 1, 1, 1, 1, 1, 1, 1, 1, 1, 1, 1, 1 ],
		"cost":[ 0.600439, 87849.982565, 55318.266323 | 50.128377, 58452.847058, 58452.811514, 127705.179430, 127705.181441, 24851.125727, 24851.069554, 121094.702951, 121094.706453, 100248.415920, 93462.888478, 93462.859527, 140299.063772, 140299.080905, 67072.095970, 67072.166462, 124118.679627, 43000.765533, 43000.734658, 82258.976456, 82258.957160, 107270.807066, 107271.121598, 153282.609530, 76296.396170, 76296.425290, 7011.158447, 7011.140626, 108150.240558, 108150.315900, 105701.510487, 56182.190304, 49242.110862, 29258.804023 ],
		"time":[ 9.990820, 35.542150, 35.877178 | 27.699658, 27.264732, 26.081362, 27.179404, 27.250211, 27.008965, 25.132012, 26.119605, 26.236949, 27.960684, 28.271976, 27.305778, 26.195165, 26.762352, 28.256648, 30.606962, 27.763435, 26.623150, 25.593053, 27.331443, 26.692095, 27.989670, 26.351073, 27.074425, 26.814440, 27.786825, 27.698217, 27.122303, 25.981899, 28.495691, 28.142957, 26.185493, 25.815998, 26.436905 ],
		"startTime":22,
		"EndTime":35,
		"totalTime":1.392871005995E+03
	}
]