[
	{
		"id": "wlkv52asua",
		"epochs":39,
		"loss":[ 1.537602, 0.909726, 0.893708 | 0.886224, 0.880553, 0.875031, 0.869592, 0.864603, 0.860640, 0.857670, 0.855360, 0.853501, 0.851967, 0.850655, 0.849522, 0.848506, 0.847587, 0.846727, 0.845904, 0.845105, 0.844324, 0.843554, 0.842810, 0.842064, 0.841264, 0.840435, 0.839555, 0.838633, 0.837611, 0.836491, 0.835229, 0.833847, 0.832357, 0.830839, 0.829428, 0.828194, 0.827167 ],
		"servers":[ 1, 1, 2 | 1, 1, 1, 1, 1, 1, 1, 1, 1, 1, 1, 1, 1, 1, 1, 1, 1, 1, 1, 1, 1, 1, 1, 1, 1, 1, 1, 1, 1, 1, 1, 1, 1, 1 ],
		"workers":[ 1, 2, 2 | 1, 1, 1, 1, 1, 1, 1, 1, 1, 1, 1, 1, 1, 1, 1, 1, 1, 1, 1, 1, 1, 1, 1, 1, 1, 1, 1, 1, 1, 1, 1, 1, 1, 1 ],
		"cost":[ 0.602102, 102867.924799, 70437.275766 | 37735.950765, 77553.255864, 77553.251854, 108587.415534, 58137.587215, 58137.587825, 71828.757257, 71828.777166, 27768.171553, 27768.162412, 21544.203688, 21544.197512, 143238.252503, 143238.246088, 142874.975873, 142874.988235, 106372.417619, 75837.485092, 75837.568378, 67378.696687, 67378.687582, 101694.468347, 101694.477451, 45749.805330, 45749.818335, 48636.346309, 48636.350811, 57846.188155, 57846.196653, 110107.295922, 110107.291595, 118937.340000, 94482.398217, 94482.394848 ],
		"time":[ 10.055962, 36.534056, 36.568519 | 25.687328, 25.200578, 25.085152, 25.330895, 25.500489, 25.518335, 24.632992, 25.297415, 25.414677, 25.105472, 25.204937, 25.001029, 25.535562, 25.317521, 25.060991, 25.473215, 25.019764, 24.943444, 27.716317, 25.195049, 24.889274, 25.029429, 25.332903, 25.246400, 25.680796, 25.678367, 25.828870, 24.733840, 25.017698, 25.342016, 25.217562, 25.636378, 25.331523, 25.222094 ],
		"startTime":32,
		"EndTime":55,
		"totalTime":1.282823576622E+03
	}
]