[
	{
		"id": "1tpd913p6k",
		"epochs":39,
		"loss":[ 1.537602, 0.909726, 0.871269 | 0.886224, 0.880553, 0.875031, 0.869592, 0.864603, 0.860640, 0.857670, 0.855360, 0.853501, 0.851967, 0.850655, 0.849522, 0.848506, 0.847587, 0.846727, 0.845904, 0.845105, 0.844324, 0.843554, 0.842810, 0.842064, 0.841264, 0.840435, 0.839555, 0.838633, 0.837611, 0.836491, 0.835229, 0.833847, 0.832357, 0.830839, 0.829428, 0.828194, 0.827167 ],
		"servers":[ 1, 1, 2 | 1, 1, 1, 1, 1, 1, 1, 1, 1, 1, 1, 1, 1, 1, 1, 1, 1, 1, 1, 1, 1, 1, 1, 1, 1, 1, 1, 1, 1, 1, 1, 1, 1, 1 ],
		"workers":[ 1, 2, 2 | 1, 1, 1, 1, 1, 1, 1, 1, 1, 1, 1, 1, 1, 1, 1, 1, 1, 1, 1, 1, 1, 1, 1, 1, 1, 1, 1, 1, 1, 1, 1, 1, 1, 1 ],
		"cost":[ 0.598849, 105084.534907, 92406.737273 | 55404.329929, 108125.456171, 108125.458594, 121269.175177, 121269.169676, 152452.277436, 40066.979980, 40066.975978, 74165.017205, 74164.987798, 77617.879536, 77617.891090, 118298.923543, 118298.922118, 147550.963374, 147550.938730, 135659.184416, 135659.200133, 125548.824185, 125548.840934, 61213.567051, 61213.579090, 152192.988640, 79525.993873, 79525.983158, 111520.833614, 111520.827831, 57457.376466, 57457.401168, 71732.210797, 71732.197156, 42768.186351, 42768.186448, 69834.251360 ],
		"time":[ 9.944631, 33.187290, 32.516356 | 25.314698, 25.119276, 25.398557, 25.241967, 25.057141, 25.183928, 25.518850, 25.382562, 25.944160, 24.965488, 25.162782, 25.549704, 25.560921, 25.515503, 25.589087, 24.767843, 24.831461, 25.352428, 24.913541, 25.488830, 25.261258, 25.664331, 25.724698, 25.113225, 24.754341, 25.373668, 25.182589, 24.547203, 25.369389, 25.780983, 25.325765, 25.193616, 25.197442, 25.010404 ],
		"startTime":30,
		"EndTime":38,
		"totalTime":1.267880131566E+03
	}
]