[
	{
		"id": "9q7atkbxs9",
		"epochs":17,
		"loss":[ 1.537602, 0.919800, 0.906798, 0.871217 | 0.868670, 0.858672, 0.851394, 0.845306, 0.840248, 0.836416, 0.833592, 0.831490, 0.829821, 0.828458, 0.827298 ],
		"servers":[ 1, 1, 1, 1 | 1, 1, 1, 1, 1, 1, 1, 1, 1, 1, 1 ],
		"workers":[ 1, 1, 1, 2 | 1, 1, 1, 1, 1, 1, 1, 1, 1, 1, 1 ],
		"cost":[ 0.641361, 108016.627263, 108016.635577, 107752.298087 | 116261.840442, 114191.092525, 76844.671123, 34282.993846, 79326.172349, 60599.187809, 118542.560284, 118993.241972, 118503.717959, 108560.750225, 101740.891556 ],
		"time":[ 11.363871, 32.626063, 32.921138, 40.334849 | 62.623866, 63.218589, 61.544554, 60.743341, 61.472774, 61.018542, 60.996454, 60.147465, 60.251251, 64.665857, 59.191207 ]
	},
	{
		"id": "029cu496ld",
		"epochs":18,
		"loss":[ 1.537602, 0.906952, 0.897805, 0.890886 | 0.869294, 0.858814, 0.851408, 0.845283, 0.840326, 0.836547, 0.833770, 0.831675, 0.830013, 0.828645, 0.827470, 0.826450 ],
		"servers":[ 1, 1, 2, 1 | 1, 1, 1, 2, 1, 1, 1, 1, 1, 1, 1, 2 ],
		"workers":[ 1, 1, 1, 1 | 1, 1, 1, 1, 1, 1, 1, 1, 1, 1, 1, 1 ],
		"cost":[ 0.590429, 102910.858112, 102911.193140, 99640.741240 | 156401.270281, 156401.169154, 107934.245042, 109971.135952, 17443.084638, 101505.142033, 96462.786328, 64368.187374, 146911.720342, 151997.149253, 152652.016257, 111991.419332 ],
		"time":[ 9.662378, 24.357909, 24.139604, 25.340074 | 49.342358, 45.971812, 46.993744, 45.487053, 49.950641, 49.336727, 48.661445, 47.551068, 47.520879, 50.486059, 49.699886, 63.962440 ]
	}
]