[
	{
		"id": "duxk0ez6ao",
		"nrOfEpochs": 16,
		"epochs": [ 2, 2, 2, 2, 3, 4, 4, 5, 5 | 6, 6, 7, 7, 8, 8, 9, 9, 10, 10, 11, 11, 12, 12, 13, 13, 14, 14, 15, 15 ],
		"loss": [ 0.911208, 0.911208, 0.911208, 0.911208, 0.911208, 0.911208, 0.911208, 0.911208, 0.911208 | 0.911208, 0.911208, 0.735425, 0.876051, 0.741788, 0.835136, 0.605463, 0.758773, 0.506370, 0.689506, 0.608432, 0.625576, 0.519722, 0.340679, 0.442695, 0.438704, 0.473475, 0.238740, 0.373997, 0.393522 ],
		"servers": [ 1, 1, 1, 1, 2, 1, 1, 2, 2 | 1, 1, 1, 1, 1, 1, 1, 1, 1, 1, 1, 1, 1, 1, 1, 1, 1, 1, 1, 1 ],
		"workers": [ 1, 1, 1, 1, 1, 2, 2, 2, 2 | 2, 2, 2, 2, 2, 2, 2, 2, 2, 2, 2, 2, 2, 2, 2, 2, 2, 2, 2, 2 ],
		"cost": [ 121395.636957, 119977.324150, 119976.779948, 119976.758537, 64270.669526, 64271.126014, 64271.126014, 180555.030835, 180555.030835 | 3664.353645, 3664.353645, 95797.595986, 95797.595986, 95797.599156, 95797.599156, 141525.540316, 141525.540316, 29839.678890, 29839.678890, 84948.314774, 84948.314774, 84948.402878, 84948.402878, 89992.909114, 89992.909114, 39890.602861, 39890.602861, 39890.525379, 39890.525379 ],
		"time": [ 62.435341, 40.102896, 21.963299, 21.238378, 19.842104, 30.577688, 31.254925, 26.551267, 27.280646 | 34.335332, 34.930355, 33.117935, 33.252887, 33.162003, 33.333782, 36.598793, 36.716267, 33.267912, 33.374799, 35.364608, 35.805361, 37.778695, 38.000764, 37.110233, 37.363546, 31.095141, 31.226244, 29.228821, 29.290691 ],
		"startTime": "2021-05-05 00:51:22.875219288 +0200 CEST m=+0.014046149",
		"EndTime": "2021-05-05 01:03:14.373582633 +0200 CEST m=+711.512409973",
		"totalTime":7.11498363824E+02
	},
	{
		"id": "hmh2gifv6j",
		"nrOfEpochs": 19,
		"epochs": [ 2, 2, 2, 2, 3, 4, 4, 5, 5 | 6, 6, 7, 7, 8, 8, 9, 9, 10, 10, 11, 11, 12, 12, 13, 13, 14, 14, 15, 15, 16, 16, 17, 17, 18, 18 ],
		"loss": [ 1.677526, 1.677526, 1.677526, 1.619603, 1.663045, 1.644984, 1.232362, 1.247424, 1.481483 | 1.348064, 1.390863, 1.161064, 0.962144, 0.910701, 0.879566, 1.007572, 0.984209, 0.697271, 0.820710, 0.877866, 0.744710, 0.624043, 0.486257, 0.468371, 0.640249, 0.461088, 0.527143, 0.516622, 0.522695, 0.292385, 0.228426, 0.235662, 0.359158, 0.271626, 0.220278 ],
		"servers": [ 1, 1, 1, 1, 2, 1, 1, 2, 2 | 1, 1, 1, 1, 1, 1, 1, 1, 1, 1, 1, 1, 1, 1, 1, 1, 1, 1, 1, 1, 1, 1, 1, 1, 1, 1 ],
		"workers": [ 1, 1, 1, 1, 1, 2, 2, 2, 2 | 2, 2, 2, 2, 2, 2, 2, 2, 2, 2, 2, 2, 2, 2, 2, 2, 2, 2, 2, 2, 2, 2, 2, 2, 2, 2 ],
		"cost": [ 130531.297339, 129986.640367, 129986.101984, 129986.106645, 104724.485104, 142001.299914, 142001.299914, 142001.400263, 142001.400263 | 61133.308132, 61133.308132, 27935.619505, 27935.619505, 131408.586343, 131408.586343, 131408.610686, 131408.610686, 188994.412594, 188994.412594, 119170.810748, 119170.810748, 200080.997187, 200080.997187, 200081.049768, 200081.049768, 96298.715451, 96298.715451, 40755.388427, 40755.388427, 40755.145698, 40755.145698, 222891.934279, 222891.934279, 59469.143889, 59469.143889 ],
		"time": [ 69.929960, 40.539654, 22.593008, 22.749214, 21.442469, 39.351500, 39.373400, 31.472924, 31.500217 | 40.698291, 40.711514, 39.264080, 39.289696, 39.443865, 39.456480, 40.015898, 40.067270, 38.964186, 39.007162, 38.841606, 38.844309, 38.857064, 38.904999, 40.215885, 40.219750, 38.854134, 38.874489, 36.682710, 36.693238, 30.625364, 30.628405, 31.706049, 31.759924, 32.197677, 32.216470 ],
		"startTime": "2021-05-05 00:51:22.875219288 +0200 CEST m=+0.014046149",
		"EndTime": "2021-05-05 01:05:29.187571282 +0200 CEST m=+846.326398248",
		"totalTime":8.46312352099E+02
	}
]