[
	{
		"id": "m3pxg8fevv",
		"nrOfEpochs": 18,
		"epochs": [ 2, 2, 2, 2, 3, 4, 4, 5, 5 | 6, 7, 8, 9, 10, 11, 12, 13, 14, 15, 16, 17 ],
		"loss": [ 1.549174, 1.549174, 1.549174, 1.549175, 1.549174, 1.549174, 1.440129, 1.527365, 1.063665 | 1.311762, 0.982609, 0.713209, 0.691226, 0.456045, 0.606970, 0.369849, 0.567460, 0.538310, 0.469969, 0.429962, 0.376613 ],
		"servers": [ 1, 1, 1, 1, 2, 1, 1, 2, 2 | 2, 2, 2, 2, 2, 2, 2, 2, 2, 2, 2, 2 ],
		"workers": [ 1, 1, 1, 1, 1, 2, 2, 2, 2 | 1, 1, 1, 1, 1, 1, 1, 1, 1, 1, 1, 1 ],
		"cost": [ 120786.731287, 138644.402991, 138643.730267, 55828.293469, 55828.552828, 105747.910543, 105747.910543, 105748.023638, 105748.023638 | 171.164144, 171.158343, 120589.428560, 58321.272393, 58321.243184, 111272.380184, 111272.428835, 111272.397656, 33770.184880, 33770.246882, 97871.181848, 97871.208397 ],
		"time": [ 77.669684, 45.103165, 22.679656, 23.615204, 21.688555, 27.635045, 27.690812, 22.393125, 22.406676 | 26.093047, 25.988225, 26.207269, 24.344792, 23.612138, 20.463479, 21.676743, 20.899819, 20.746573, 22.299222, 20.218682, 20.883217 ],
		"startTime": "2021-05-05 01:20:15.483205268 +0200 CEST m=+0.014351911",
		"EndTime": "2021-05-05 01:30:59.689951149 +0200 CEST m=+644.221097838",
		"totalTime":6.44206745927E+02
	},
	{
		"id": "9e21axelbs",
		"nrOfEpochs": 20,
		"epochs": [ 2, 2, 2, 2, 3, 4, 4, 5, 5 | 6, 7, 8, 9, 10, 11, 12, 13, 14, 15, 16, 17, 18, 19 ],
		"loss": [ 3.524542, 1.757685, 1.866222, 1.663907, 1.859537, 1.496314, 1.728733, 1.602910, 1.151309 | 1.329552, 1.214452, 1.094562, 0.822500, 0.681880, 0.742008, 0.911080, 0.543880, 0.472052, 0.451028, 0.517753, 0.175413, 0.432025, 0.409654 ],
		"servers": [ 1, 1, 1, 1, 2, 1, 1, 2, 2 | 2, 2, 2, 2, 2, 2, 2, 2, 2, 2, 2, 2, 2, 2 ],
		"workers": [ 1, 1, 1, 1, 1, 2, 2, 2, 2 | 1, 1, 1, 1, 1, 1, 1, 1, 1, 1, 1, 1, 1, 1 ],
		"cost": [ 127747.613047, 130292.182684, 130291.500971, 97842.345402, 97842.647772, 44347.465016, 44347.465016, 44347.709945, 44347.709945 | 46354.432877, 46354.463905, 129470.456871, 66805.431989, 66805.425668, 95119.045502, 95119.087573, 56074.468982, 56074.477657, 56074.468373, 75600.546275, 75600.543437, 107000.193132, 107000.170400 ],
		"time": [ 80.965913, 46.334823, 23.613500, 23.723289, 22.850019, 30.263390, 30.273634, 27.054055, 27.114114 | 24.310071, 25.086219, 25.938837, 25.836075, 25.673200, 21.311813, 22.367148, 21.809793, 22.029398, 21.786607, 22.036208, 21.998637, 20.139011, 19.571460 ],
		"startTime": "2021-05-05 01:20:15.483205268 +0200 CEST m=+0.014351911",
		"EndTime": "2021-05-05 01:32:00.64498662 +0200 CEST m=+705.176133295",
		"totalTime":7.05161781384E+02
	}
]