[
	{
		"id": "srewgq9e5i",
		"nrOfEpochs": 17,
		"epochs": [ 2, 2, 2, 2, 3, 4, 4, 5, 5 | 6, 6, 7, 7, 8, 8, 9, 9, 10, 10, 11, 11, 12, 12, 13, 13, 14, 14, 15, 15, 16, 16 ],
		"loss": [ 2.526890, 1.710009, 1.902902, 1.721901, 1.582005, 1.888741, 1.761112, 1.648625, 1.158538 | 1.117695, 1.325832, 1.402360, 0.982761, 0.827996, 1.070886, 0.929569, 0.603852, 0.464555, 0.779372, 0.677548, 0.566322, 0.553141, 0.229730, 0.520699, 0.388463, 0.376556, 0.413718, 0.385833, 0.417054, 0.396325, 0.388794 ],
		"servers": [ 1, 1, 1, 1, 2, 1, 1, 2, 2 | 2, 2, 2, 2, 2, 2, 2, 2, 2, 2, 2, 2, 2, 2, 2, 2, 2, 2, 2, 2, 2, 2 ],
		"workers": [ 1, 1, 1, 1, 1, 2, 2, 2, 2 | 2, 2, 2, 2, 2, 2, 2, 2, 2, 2, 2, 2, 2, 2, 2, 2, 2, 2, 2, 2, 2, 2 ],
		"cost": [ 58995.227165, 126804.104881, 126803.571349, 100460.878740, 100461.215980, 104584.646942, 104584.646942, 104584.560247, 104584.560247 | 144433.955040, 144433.955040, 144433.675961, 144433.675961, 101330.461920, 101330.461920, 101330.526353, 101330.526353, 111510.113072, 111510.113072, 111510.368511, 111510.368511, 196478.214122, 196478.214122, 62723.208297, 62723.208297, 62723.495688, 62723.495688, 87770.326639, 87770.326639, 87769.921246, 87769.921246 ],
		"time": [ 68.703834, 41.138955, 23.356313, 21.640157, 22.153318, 35.693452, 35.796693, 24.780534, 24.892748 | 30.862578, 30.907181, 25.314111, 25.324771, 31.160651, 31.162572, 32.251220, 32.453801, 23.666615, 23.897966, 29.004699, 29.006081, 30.620087, 30.714666, 24.834223, 24.834126, 30.704477, 30.734021, 32.135855, 32.218529, 24.001255, 24.097447 ],
		"startTime": "2021-05-05 00:19:42.858716244 +0200 CEST m=+0.013591050",
		"EndTime": "2021-05-05 00:31:15.956929342 +0200 CEST m=+693.111804245",
		"totalTime":6.93098213195E+02
	},
	{
		"id": "d6aozu42ut",
		"nrOfEpochs": 17,
		"epochs": [ 2, 2, 2, 3, 4, 4, 5, 5 | 6, 6, 7, 7, 8, 8, 9, 9, 10, 10, 11, 11, 12, 12, 13, 13, 14, 14, 15, 15, 16, 16 ],
		"loss": [ 2.644380, 1.836474, 1.831626, 1.417888, 1.199698, 1.633483, 1.339446, 1.256743 | 1.077447, 1.301363, 1.178321, 1.013948, 1.163816, 0.814396, 1.072175, 1.048531, 0.790766, 0.971938, 0.367762, 0.669585, 0.769716, 0.511971, 0.467391, 0.557285, 0.292776, 0.488094, 0.463503, 0.446260, 0.338085, 0.245831 ],
		"servers": [ 1, 1, 1, 2, 1, 1, 2, 2 | 2, 2, 2, 2, 2, 2, 2, 2, 2, 2, 2, 2, 2, 2, 2, 2, 2, 2, 2, 2, 2, 2 ],
		"workers": [ 1, 1, 1, 1, 2, 2, 2, 2 | 2, 2, 2, 2, 2, 2, 2, 2, 2, 2, 2, 2, 2, 2, 2, 2, 2, 2, 2, 2, 2, 2 ],
		"cost": [ 37756.074400, 128349.664203, 128349.642605, 131257.825452, 74676.110597, 74676.110597, 95110.635793, 95110.635793 | 210099.144102, 210099.144102, 256093.436507, 256093.436507, 256093.704160, 256093.704160, 210355.167090, 210355.167090, 217914.367902, 217914.367902, 220027.534438, 220027.534438, 77844.832553, 77844.832553, 36734.901827, 36734.901827, 294192.422271, 294192.422271, 294192.335300, 294192.335300, 78701.452826, 78701.452826 ],
		"time": [ 68.575941, 36.750051, 36.036885, 33.475751, 45.932981, 45.947222, 41.572379, 41.577808 | 47.169866, 47.173617, 42.475669, 42.526591, 47.855069, 47.880582, 49.269121, 49.300883, 48.554474, 48.627721, 40.151880, 40.287792, 46.208306, 46.240551, 44.323782, 44.354418, 37.167835, 37.168049, 35.405901, 35.427438, 38.411736, 38.475000 ],
		"startTime": "2021-05-05 00:19:42.858716244 +0200 CEST m=+0.013591050",
		"EndTime": "2021-05-05 00:33:50.155078685 +0200 CEST m=+847.309953536",
		"totalTime":8.47296362486E+02
	}
]