[
	{
		"id": "7vxpr57zpp",
		"nrOfEpochs": 16,
		"epochs": [ 2, 2, 2, 3, 4, 4, 5, 5 | 6, 6, 7, 7, 8, 8, 9, 9, 10, 10, 11, 11, 12, 12, 13, 13, 14, 14, 15, 15 ],
		"loss": [ 1.800922, 1.800922, 1.800922, 1.534840, 1.523940, 1.692309, 1.597131, 1.178257 | 1.161966, 1.430721, 1.067168, 1.287048, 0.813108, 1.044644, 0.937109, 0.942415, 0.858115, 0.689708, 0.630838, 0.597472, 0.408939, 0.398393, 0.341311, 0.475391, 0.444301, 0.413667, 0.414613, 0.101267 ],
		"servers": [ 1, 1, 1, 2, 1, 1, 2, 2 | 2, 2, 2, 2, 2, 2, 2, 2, 2, 2, 2, 2, 2, 2, 2, 2, 2, 2, 2, 2 ],
		"workers": [ 1, 1, 1, 1, 2, 2, 2, 2 | 2, 2, 2, 2, 2, 2, 2, 2, 2, 2, 2, 2, 2, 2, 2, 2, 2, 2, 2, 2 ],
		"cost": [ 118033.775049, 10832.535033, 129693.302249, 59769.584726, 152862.848384, 152862.848384, 179136.659365, 179136.659365 | 113882.810981, 113882.810981, 13403.455415, 13403.455415, 102807.459261, 102807.459261, 258631.632216, 258631.632216, 225209.418241, 225209.418241, 140670.539662, 140670.539662, 67636.179795, 67636.179795, 15331.516061, 15331.516061, 231454.256946, 231454.256946, 33800.294005, 33800.294005 ],
		"time": [ 81.672478, 37.171970, 34.177363, 60.099479, 63.312022, 63.325186, 63.710064, 63.724206 | 63.172107, 63.191323, 58.785549, 58.792050, 58.711895, 58.780884, 59.977781, 60.022680, 59.385420, 59.427222, 59.024295, 59.038931, 61.955586, 62.007366, 64.432212, 64.454031, 59.320233, 59.342809, 62.478636, 62.513354 ],
		"startTime": "2021-05-01 20:54:32.445361775 +0200 CEST m=+0.013187368",
		"EndTime": "2021-05-01 21:12:29.567508321 +0200 CEST m=+1077.135333990",
		"totalTime":1.077122146622E+03
	},
	{
		"id": "4e6wd5hkhl",
		"nrOfEpochs": 18,
		"epochs": [ 2, 2, 2, 2, 3, 4, 4, 5, 5 | 6, 6, 7, 7, 8, 8, 9, 9, 10, 10, 11, 11, 12, 12, 13, 13, 14, 14, 15, 15, 16, 16, 17, 17 ],
		"loss": [ 1.556108, 1.556108, 1.556108, 1.556108, 1.556108, 1.556108, 1.205247, 1.485936, 1.348801 | 1.430440, 1.024771, 1.170525, 0.886132, 1.172134, 1.041306, 0.852830, 0.926119, 0.975704, 0.692235, 0.560758, 0.801529, 0.481416, 0.305401, 0.568268, 0.543474, 0.371882, 0.196349, 0.388245, 0.299760, 0.359942, 0.245011, 0.281748, 0.314941 ],
		"servers": [ 1, 1, 1, 1, 2, 1, 1, 2, 2 | 2, 2, 2, 2, 2, 2, 2, 2, 2, 2, 2, 2, 2, 2, 2, 2, 2, 2, 2, 2, 2, 2, 2, 2 ],
		"workers": [ 1, 1, 1, 1, 1, 2, 2, 2, 2 | 2, 2, 2, 2, 2, 2, 2, 2, 2, 2, 2, 2, 2, 2, 2, 2, 2, 2, 2, 2, 2, 2, 2, 2 ],
		"cost": [ 67290.399351, 21239.922791, 90.082480, 80238.323855, 80238.575651, 14940.540376, 14940.540376, 153799.743596, 153799.743596 | 54454.630239, 54454.630239, 42623.342505, 42623.342505, 42623.315178, 42623.315178, 198.304810, 198.304810, 197.062783, 197.062783, 51866.347991, 51866.347991, 149679.841144, 149679.841144, 124830.881504, 124830.881504, 89566.296594, 89566.296594, 89566.609836, 89566.609836, 27599.244943, 27599.244943, 1375.825790, 1375.825790 ],
		"time": [ 80.407055, 67.698263, 36.755816, 35.013695, 30.048976, 28.122083, 28.124904, 61.594947, 61.637909 | 61.524325, 61.605711, 31.846128, 32.057610, 31.248010, 31.330110, 57.709513, 57.779882, 32.762689, 32.939165, 25.200755, 25.246892, 58.567855, 58.656084, 58.050622, 58.115548, 33.254686, 33.381937, 39.569724, 39.649088, 51.576355, 51.658090, 58.397872, 58.452200 ],
		"startTime": "2021-05-01 20:54:32.445361775 +0200 CEST m=+0.013187368",
		"EndTime": "2021-05-01 21:11:21.02530751 +0200 CEST m=+1008.593133180",
		"totalTime":1.008579945812E+03
	}
]