[
	{
		"id": "8qe99ywmfr",
		"nrOfEpochs": 17,
		"epochs": [ 2, 2, 2, 3, 4, 4, 5, 5 | 6, 6, 7, 7, 8, 8, 9, 9, 10, 10, 11, 11, 12, 12, 13, 13, 14, 14, 15, 15, 16, 16 ],
		"loss": [ 2.584464, 2.224543, 1.955083, 1.613826, 1.412791, 1.483111, 1.370508, 1.131683 | 1.402384, 1.317258, 1.199683, 1.131543, 1.150732, 1.196887, 0.935517, 0.827399, 0.578811, 0.629842, 0.792046, 0.719718, 0.709563, 0.539025, 0.360524, 0.545073, 0.452990, 0.346344, 0.356684, 0.362863, 0.328868, 0.369550 ],
		"servers": [ 1, 1, 1, 2, 1, 1, 2, 2 | 2, 2, 2, 2, 2, 2, 2, 2, 2, 2, 2, 2, 2, 2, 2, 2, 2, 2, 2, 2, 2, 2 ],
		"workers": [ 1, 1, 1, 1, 2, 2, 2, 2 | 2, 2, 2, 2, 2, 2, 2, 2, 2, 2, 2, 2, 2, 2, 2, 2, 2, 2, 2, 2, 2, 2 ],
		"cost": [ 140065.583153, 140064.799616, 77249.778875, 164514.223540, 212450.354543, 212450.354543, 218901.786992, 218901.786992 | 48317.499762, 48317.499762, 230791.004822, 230791.004822, 231853.685976, 231853.685976, 221693.759116, 221693.759116, 138062.176952, 138062.176952, 89504.312798, 89504.312798, 82811.925958, 82811.925958, 225123.341601, 225123.341601, 221290.664090, 221290.664090, 233962.451552, 233962.451552, 210772.258617, 210772.258617 ],
		"time": [ 64.119846, 37.998789, 37.571980, 38.228161, 68.955506, 68.970326, 61.649895, 61.660209 | 70.229664, 70.253192, 65.721406, 65.794128, 63.964498, 64.010011, 66.618420, 66.619138, 65.956010, 65.980147, 67.089085, 67.107200, 64.957060, 64.986963, 65.767711, 65.815797, 66.551153, 66.566559, 64.328764, 64.395939, 60.711994, 60.718900 ],
		"startTime": "2021-05-04 10:32:04.890845108 +0200 CEST m=+0.013666367",
		"EndTime": "2021-05-04 10:50:51.085067421 +0200 CEST m=+1126.207888731",
		"totalTime":1.126194222364E+03
	},
	{
		"id": "6brrwiw6pa",
		"nrOfEpochs": 17,
		"epochs": [ 2, 2, 2, 3, 4, 4, 5, 5 | 6, 6, 7, 7, 8, 8, 9, 9, 10, 10, 11, 11, 12, 12, 13, 13, 14, 14, 15, 15, 16, 16 ],
		"loss": [ 1.566697, 1.566697, 1.566697, 1.566697, 1.235699, 1.500498, 1.482006, 1.457182 | 1.257255, 1.386528, 1.416694, 0.863747, 1.173365, 1.219518, 1.211970, 0.998513, 0.383728, 0.673105, 0.897367, 0.424223, 0.675387, 0.610762, 0.656169, 0.652781, 0.417024, 0.396719, 0.321346, 0.488808, 0.262176, 0.289653 ],
		"servers": [ 1, 1, 1, 2, 1, 1, 2, 2 | 2, 2, 2, 2, 2, 2, 2, 2, 2, 2, 2, 2, 2, 2, 2, 2, 2, 2, 2, 2, 2, 2 ],
		"workers": [ 1, 1, 1, 1, 2, 2, 2, 2 | 2, 2, 2, 2, 2, 2, 2, 2, 2, 2, 2, 2, 2, 2, 2, 2, 2, 2, 2, 2, 2, 2 ],
		"cost": [ 160413.377284, 160412.511028, 86171.533022, 86171.852263, 33205.270006, 33205.270006, 211943.522874, 211943.522874 | 65091.083387, 65091.083387, 81432.681779, 81432.681779, 54397.445798, 54397.445798, 200085.656698, 200085.656698, 230753.684982, 230753.684982, 254425.234469, 254425.234469, 273898.636278, 273898.636278, 168944.352741, 168944.352741, 124263.037982, 124263.037982, 118592.802180, 118592.802180, 42823.173889, 42823.173889 ],
		"time": [ 61.895510, 33.017678, 36.460651, 32.877789, 55.557539, 55.576246, 51.177242, 51.231703 | 56.530609, 56.543306, 53.890125, 53.930420, 59.968650, 59.998335, 54.306957, 54.348279, 58.197334, 58.202990, 57.131801, 57.141509, 54.150619, 54.173223, 57.019978, 57.056612, 56.046495, 56.114914, 53.585544, 53.610741, 54.779152, 54.800775 ],
		"startTime": "2021-05-04 10:32:04.890845108 +0200 CEST m=+0.013666367",
		"EndTime": "2021-05-04 10:50:00.198032568 +0200 CEST m=+1075.320855480",
		"totalTime":1.075307189113E+03
	}
]