[
	{
		"id": "xbra0kyfo9",
		"nrOfEpochs": 21,
		"epochs": [ 2, 2, 2, 3, 4, 4, 5, 5 | 6, 7, 8, 9, 10, 11, 12, 13, 14, 15, 16, 17, 18, 19, 20 ],
		"loss": [ 2.743001, 1.977100, 1.557146, 1.481903, 1.517256, 1.525858, 1.608932, 1.269214 | 1.480633, 1.345772, 1.240914, 1.271590, 0.775364, 0.548262, 0.912777, 0.777041, 0.585359, 0.719760, 0.708640, 0.277979, 0.454797, 0.446674, 0.442965 ],
		"servers": [ 1, 1, 1, 2, 1, 1, 2, 2 | 1, 1, 1, 1, 1, 1, 1, 1, 1, 1, 1, 1, 1, 1, 1 ],
		"workers": [ 1, 1, 1, 1, 2, 2, 2, 2 | 1, 1, 1, 1, 1, 1, 1, 1, 1, 1, 1, 1, 1, 1, 1 ],
		"cost": [ 69090.259851, 88151.161944, 122475.131702, 97447.985363, 41328.146821, 41328.146821, 96021.074129, 96021.074129 | 28236.365640, 677.448019, 122005.279939, 56703.711125, 120772.285116, 140104.456452, 93391.435223, 93390.570006, 145024.362284, 4641.450024, 40189.999496, 15295.516327, 137506.785918, 96047.911649, 79802.341273 ],
		"time": [ 75.911855, 34.136144, 66.863612, 61.285065, 65.239503, 65.275816, 62.601214, 62.640016 | 61.943801, 65.720105, 61.348908, 65.207543, 58.815389, 41.566425, 61.054476, 32.223260, 59.098288, 36.738979, 59.814071, 36.325700, 61.329138, 32.879377, 58.942611 ],
		"startTime": "2021-05-01 20:12:42.458732998 +0200 CEST m=+0.013805040",
		"EndTime": "2021-05-01 20:34:27.227243056 +0200 CEST m=+1304.782315132",
		"totalTime":1.304768510092E+03
	},
	{
		"id": "ltx4p7qgjy",
		"nrOfEpochs": 19,
		"epochs": [ 2, 2, 2, 2, 3, 4, 4, 5, 5 | 6, 7, 8, 9, 10, 11, 12, 13, 14, 15, 16, 17, 18 ],
		"loss": [ 2.178027, 1.926032, 1.624263, 1.435677, 1.696607, 1.772121, 1.351045, 1.451935, 1.335863 | 1.287179, 1.166430, 1.108202, 0.705186, 0.850490, 0.560293, 0.849939, 0.521476, 0.625532, 0.278729, 0.491843, 0.414929, 0.260952 ],
		"servers": [ 1, 1, 1, 1, 2, 1, 1, 2, 2 | 1, 1, 1, 1, 1, 1, 1, 1, 1, 1, 1, 1, 1 ],
		"workers": [ 1, 1, 1, 1, 1, 2, 2, 2, 2 | 1, 1, 1, 1, 1, 1, 1, 1, 1, 1, 1, 1, 1 ],
		"cost": [ 137792.970159, 117220.363499, 75596.754434, 75596.718012, 27071.603757, 407.098577, 407.098577, 149.519962, 149.519962 | 46249.446762, 46249.512237, 62496.857313, 62496.931749, 81975.170808, 34252.716923, 34252.560797, 75431.028296, 75430.980374, 98380.943868, 66971.818595, 66971.829419, 29815.644109 ],
		"time": [ 99.388091, 70.165279, 35.940313, 34.728268, 61.921658, 56.848134, 56.861032, 34.906560, 34.929920 | 28.865144, 31.046481, 25.943311, 28.428127, 27.570670, 30.254472, 25.046698, 27.015106, 25.416900, 28.711259, 26.932441, 27.293434, 30.244669 ],
		"startTime": "2021-05-01 20:12:42.458732998 +0200 CEST m=+0.013805040",
		"EndTime": "2021-05-01 20:27:32.338156522 +0200 CEST m=+889.893228594",
		"totalTime":8.89879423554E+02
	}
]