[
	{
		"id": "76t5xunea7",
		"nrOfEpochs": 21,
		"epochs": [ 2, 2, 2, 2, 3, 4, 4, 5, 5 | 6, 7, 8, 9, 10, 11, 12, 13, 14, 15, 16, 17, 18, 19, 20 ],
		"loss": [ 2.493237, 1.739825, 2.041851, 1.764189, 1.794175, 1.658138, 1.381491, 1.486145, 1.596156 | 1.069750, 1.045371, 1.101706, 0.625823, 0.713978, 0.581610, 0.698944, 0.744412, 0.569987, 0.359210, 0.414522, 0.557415, 0.422672, 0.464761, 0.244707 ],
		"servers": [ 1, 1, 1, 1, 2, 1, 1, 2, 2 | 2, 2, 2, 2, 2, 2, 2, 2, 2, 2, 2, 2, 2, 2, 2 ],
		"workers": [ 1, 1, 1, 1, 1, 2, 2, 2, 2 | 1, 1, 1, 1, 1, 1, 1, 1, 1, 1, 1, 1, 1, 1, 1 ],
		"cost": [ 119496.994269, 136211.375743, 59274.111297, 59274.063812, 20167.610089, 198996.875200, 198996.875200, 237634.109514, 237634.109514 | 114834.845711, 93916.327180, 93916.148858, 17755.362867, 17755.295746, 73790.557970, 117248.776085, 117248.366600, 41749.018436, 41749.008593, 75575.960503, 75575.811406, 113531.203696, 65044.359321, 65044.749959 ],
		"time": [ 70.216461, 68.674777, 36.302896, 34.721463, 30.028559, 61.326459, 61.369789, 31.616288, 31.625823 | 23.083265, 31.923382, 27.466832, 27.179212, 25.500418, 23.365205, 33.584783, 23.351739, 32.300208, 32.053100, 28.234576, 24.507116, 24.414138, 23.678153, 33.440320 ],
		"startTime": "2021-05-03 21:11:14.688002631 +0200 CEST m=+0.013510167",
		"EndTime": "2021-05-03 21:26:02.979238869 +0200 CEST m=+888.304746543",
		"totalTime":8.88291236376E+02
	},
	{
		"id": "hvbc16i2eh",
		"nrOfEpochs": 20,
		"epochs": [ 2, 2, 2, 2, 3, 4, 4, 5, 5 | 6, 7, 8, 9, 10, 11, 12, 13, 14, 15, 16, 17, 18, 19 ],
		"loss": [ 1.009057, 1.009057, 1.009057, 1.009057, 1.009057, 1.009057, 1.009057, 1.009057, 1.009057 | 1.009057, 1.009057, 1.009057, 0.650374, 0.839854, 0.763080, 0.643430, 0.431946, 0.665737, 0.215262, 0.528773, 0.227582, 0.413860, 0.410243 ],
		"servers": [ 1, 1, 1, 1, 2, 1, 1, 2, 2 | 2, 2, 2, 2, 2, 2, 2, 2, 2, 2, 2, 2, 2, 2 ],
		"workers": [ 1, 1, 1, 1, 1, 2, 2, 2, 2 | 1, 1, 1, 1, 1, 1, 1, 1, 1, 1, 1, 1, 1, 1 ],
		"cost": [ 116136.770041, 121222.632906, 92808.269837, 92808.233570, 42996.449684, 177543.298108, 177543.298108, 148526.510167, 148526.510167 | 54352.350651, 25800.327660, 25800.459457, 25188.128803, 25188.100663, 120513.752226, 102160.230179, 102160.187409, 17040.079783, 17040.058143, 73708.894218, 89438.768672, 89438.747961, 31517.835758 ],
		"time": [ 69.727689, 67.650455, 35.622164, 34.409932, 28.097994, 59.533468, 59.597265, 32.772124, 32.801712 | 25.387389, 24.439088, 27.733658, 27.253398, 26.551703, 24.134170, 26.215835, 25.148662, 25.097477, 24.556877, 28.228481, 27.412321, 26.893924, 25.124932 ],
		"startTime": "2021-05-03 21:11:14.688002631 +0200 CEST m=+0.013510167",
		"EndTime": "2021-05-03 21:25:27.456881464 +0200 CEST m=+852.782389048",
		"totalTime":8.52768878881E+02
	}
]