[
	{
		"id": "lj311f8ih9",
		"nrOfEpochs": 16,
		"epochs": [ 2, 2, 2, 2, 3, 4, 4, 5, 5 | 6, 6, 7, 7, 8, 8, 9, 9, 10, 10, 11, 11, 12, 12, 13, 13, 14, 14, 15, 15 ],
		"loss": [ 3.110833, 2.225495, 1.853255, 1.773068, 1.587052, 1.274431, 1.714481, 1.640457, 1.298152 | 0.873291, 1.360162, 1.150264, 1.244417, 1.185257, 0.662799, 1.016604, 1.051868, 1.032189, 0.392528, 0.696613, 0.607504, 0.490884, 0.469821, 0.323857, 0.269659, 0.432345, 0.397313, 0.364875, 0.357610 ],
		"servers": [ 1, 1, 1, 1, 2, 1, 1, 2, 2 | 1, 1, 1, 1, 1, 1, 1, 1, 1, 1, 1, 1, 1, 1, 1, 1, 1, 1, 1, 1 ],
		"workers": [ 1, 1, 1, 1, 1, 2, 2, 2, 2 | 2, 2, 2, 2, 2, 2, 2, 2, 2, 2, 2, 2, 2, 2, 2, 2, 2, 2, 2, 2 ],
		"cost": [ 113553.415237, 127256.192288, 127255.203669, 92613.568114, 81749.473346, 134348.605315, 134348.605315, 144157.925510, 144157.925510 | 46847.699120, 46847.699120, 20167.898578, 20167.898578, 7891.745918, 7891.745918, 123691.770363, 123691.770363, 162989.907664, 162989.907664, 157815.073303, 157815.073303, 61001.347718, 61001.347718, 18427.930034, 18427.930034, 721.746714, 721.746714, 71766.934636, 71766.934636 ],
		"time": [ 90.130341, 68.869058, 35.921252, 34.545548, 28.122588, 61.981387, 62.008524, 62.680417, 62.701888 | 63.001166, 63.028260, 62.534766, 62.561254, 62.105731, 62.124042, 61.476428, 61.502682, 61.366903, 61.372958, 60.355266, 60.394845, 60.111455, 60.136664, 59.713414, 59.716510, 59.219782, 59.226953, 58.649690, 58.659728 ],
		"startTime": "2021-05-01 21:31:44.590985293 +0200 CEST m=+0.013588957",
		"EndTime": "2021-05-01 21:50:24.591582092 +0200 CEST m=+1120.014185799",
		"totalTime":1.120000596842E+03
	},
	{
		"id": "0gsn3erolt",
		"nrOfEpochs": 18,
		"epochs": [ 2, 2, 2, 2, 3, 4, 4, 5, 5 | 6, 6, 7, 7, 8, 8, 9, 9, 10, 10, 11, 11, 12, 12, 13, 13, 14, 14, 15, 15, 16, 16, 17, 17 ],
		"loss": [ 2.128324, 1.682369, 1.746269, 1.852321, 1.468515, 1.775559, 1.394209, 1.578774, 1.337506 | 1.503482, 0.910381, 1.056347, 1.277298, 1.217003, 0.848818, 0.674852, 0.583005, 0.738343, 0.812404, 0.731484, 0.571412, 0.377418, 0.517319, 0.304968, 0.500520, 0.454327, 0.430910, 0.441609, 0.426467, 0.230954, 0.395511, 0.385090, 0.281356 ],
		"servers": [ 1, 1, 1, 1, 2, 1, 1, 2, 2 | 1, 1, 1, 1, 1, 1, 1, 1, 1, 1, 1, 1, 1, 1, 1, 1, 1, 1, 1, 1, 1, 1, 1, 1 ],
		"workers": [ 1, 1, 1, 1, 1, 2, 2, 2, 2 | 2, 2, 2, 2, 2, 2, 2, 2, 2, 2, 2, 2, 2, 2, 2, 2, 2, 2, 2, 2, 2, 2, 2, 2 ],
		"cost": [ 100922.161673, 97023.779661, 97022.787722, 28268.222708, 29825.213630, 125455.576379, 125455.576379, 151529.321462, 151529.321462 | 149132.117388, 149132.117388, 51551.097627, 51551.097627, 5691.483500, 5691.483500, 91323.114843, 91323.114843, 162688.165607, 162688.165607, 118701.329945, 118701.329945, 86957.040263, 86957.040263, 46324.373655, 46324.373655, 1123.338629, 1123.338629, 123194.654712, 123194.654712, 76494.948847, 76494.948847, 213990.377641, 213990.377641 ],
		"time": [ 92.941278, 69.493479, 36.433193, 34.759053, 26.088652, 61.971720, 61.975266, 62.676245, 62.695912 | 62.856507, 62.875553, 62.410103, 62.427295, 61.871927, 61.898805, 61.557766, 61.568060, 61.080052, 61.096767, 60.340288, 60.377994, 60.049737, 60.082070, 59.380475, 59.457790, 59.357372, 59.379356, 58.850113, 58.889980, 60.201438, 60.234060, 35.937725, 35.973018 ],
		"startTime": "2021-05-01 21:31:44.590985293 +0200 CEST m=+0.013588957",
		"EndTime": "2021-05-01 21:52:20.938544845 +0200 CEST m=+1236.361148633",
		"totalTime":1.236347559676E+03
	}
]