[
	{
		"id": "y9y3vs829v",
		"nrOfEpochs": 24,
		"epochs": [ 2, 2, 2, 3, 4, 4, 5, 5 | 6, 7, 8, 9, 10, 11, 12, 13, 14, 15, 16, 17, 18, 19, 20, 21, 22, 23 ],
		"loss": [ 1.725670, 1.725670, 1.725670, 1.725670, 1.556462, 1.649310, 1.676557, 1.530929 | 1.455455, 1.154153, 1.089702, 1.164705, 1.013984, 0.834345, 0.840547, 0.534504, 0.732142, 0.525579, 0.693423, 0.421452, 0.232548, 0.521029, 0.478806, 0.469451, 0.424657, 0.425298 ],
		"servers": [ 1, 1, 1, 2, 1, 1, 2, 2 | 2, 2, 2, 2, 2, 2, 2, 2, 2, 2, 2, 2, 2, 2, 2, 2, 2, 2 ],
		"workers": [ 1, 1, 1, 1, 2, 2, 2, 2 | 1, 1, 1, 1, 1, 1, 1, 1, 1, 1, 1, 1, 1, 1, 1, 1, 1, 1 ],
		"cost": [ 167422.398661, 167421.610472, 143474.717820, 66943.396331, 131971.651840, 131971.651840, 88862.296737, 88862.296737 | 120094.078669, 158311.905102, 43228.692325, 10844.826761, 37926.631201, 100910.361470, 136654.959071, 136654.016921, 163664.292850, 27749.887958, 22138.230286, 150578.290043, 159944.029858, 159944.002068, 76182.152055, 17455.108383, 161044.412247, 118.407333 ],
		"time": [ 61.035755, 34.758525, 32.687686, 63.483402, 99.504177, 99.519964, 97.342488, 97.345644 | 61.562566, 60.942592, 60.862184, 60.039955, 59.349414, 58.973304, 59.164388, 35.600112, 31.776411, 56.861661, 33.033599, 58.230947, 31.622478, 31.068262, 57.948182, 31.633454, 32.081563, 59.093766 ],
		"startTime": "2021-05-01 23:14:27.327167735 +0200 CEST m=+0.013548381",
		"EndTime": "2021-05-01 23:38:22.818494293 +0200 CEST m=+1435.504874952",
		"totalTime":1.435491326571E+03
	},
	{
		"id": "n9g81a4828",
		"nrOfEpochs": 21,
		"epochs": [ 2, 2, 2, 3, 4, 4, 5, 5 | 6, 7, 8, 9, 10, 11, 12, 13, 14, 15, 16, 17, 18, 19, 20 ],
		"loss": [ 3.581021, 1.690406, 1.803086, 2.182587, 1.689017, 1.590116, 1.655457, 1.488577 | 1.473776, 1.202392, 1.428306, 0.932928, 0.853808, 0.288068, 0.743448, 0.849312, 0.473990, 0.264946, 0.523953, 0.326145, 0.410770, 0.399961, 0.169844 ],
		"servers": [ 1, 1, 1, 2, 1, 1, 2, 2 | 2, 2, 2, 2, 2, 2, 2, 2, 2, 2, 2, 2, 2, 2, 2 ],
		"workers": [ 1, 1, 1, 1, 2, 2, 2, 2 | 1, 1, 1, 1, 1, 1, 1, 1, 1, 1, 1, 1, 1, 1, 1 ],
		"cost": [ 166758.015695, 166757.277829, 150517.091395, 122144.381818, 193471.293370, 193471.293370, 204938.598008, 204938.598008 | 160765.521318, 123866.530833, 31785.242089, 782.979988, 910.790776, 107208.130082, 107207.040130, 113800.563368, 24742.672899, 113002.033693, 113002.099470, 128285.344781, 866.129054, 30137.434273, 73380.465073 ],
		"time": [ 59.376687, 34.907083, 33.680083, 61.890739, 97.275300, 97.305231, 95.574504, 95.600208 | 61.317862, 60.839340, 59.663881, 59.776283, 59.298333, 58.583167, 31.336398, 35.959508, 55.472229, 30.787496, 32.430111, 58.382646, 31.457220, 57.635221, 34.656222 ],
		"startTime": "2021-05-01 23:14:27.327167735 +0200 CEST m=+0.013548381",
		"EndTime": "2021-05-01 23:35:34.119989056 +0200 CEST m=+1266.806369819",
		"totalTime":1.266792821438E+03
	}
]