[
	{
		"id": "awfk0ui8rb",
		"nrOfEpochs": 18,
		"epochs": [ 2, 2, 2, 3, 4, 4, 5, 5 | 6, 6, 7, 7, 8, 8, 9, 9, 10, 10, 11, 11, 12, 12, 13, 13, 14, 14, 15, 15, 16, 16, 17, 17 ],
		"loss": [ 2.238089, 2.112201, 1.857142, 1.482628, 1.562949, 1.836681, 1.429203, 1.622197 | 1.120481, 1.392901, 1.279702, 1.130894, 1.282948, 0.918963, 1.070589, 0.764439, 0.944299, 0.672531, 0.402895, 0.770950, 0.580533, 0.546482, 0.594678, 0.227921, 0.544113, 0.498745, 0.482388, 0.211071, 0.392848, 0.280712, 0.373153, 0.315511 ],
		"servers": [ 1, 1, 1, 2, 1, 1, 2, 2 | 2, 2, 2, 2, 2, 2, 2, 2, 2, 2, 2, 2, 2, 2, 2, 2, 2, 2, 2, 2, 2, 2, 2, 2 ],
		"workers": [ 1, 1, 1, 1, 2, 2, 2, 2 | 2, 2, 2, 2, 2, 2, 2, 2, 2, 2, 2, 2, 2, 2, 2, 2, 2, 2, 2, 2, 2, 2, 2, 2 ],
		"cost": [ 31953.302035, 92906.969081, 92907.007526, 122692.823839, 234013.911447, 234013.911447, 130802.488423, 130802.488423 | 203450.202407, 203450.202407, 53630.672745, 53630.672745, 73998.396174, 73998.396174, 152879.435661, 152879.435661, 156547.907619, 156547.907619, 262429.916391, 262429.916391, 258289.156160, 258289.156160, 167984.564806, 167984.564806, 193181.217258, 193181.217258, 150486.644578, 150486.644578, 173880.339061, 173880.339061, 189129.204706, 189129.204706 ],
		"time": [ 50.613014, 31.709043, 32.988771, 32.154759, 54.629012, 54.671522, 54.764735, 54.767899 | 54.120886, 54.130754, 54.480453, 54.497979, 54.818541, 54.821835, 52.986877, 53.020380, 53.109676, 53.124036, 54.273498, 54.302264, 56.013055, 56.030098, 54.318722, 54.369932, 56.999205, 57.036335, 53.903669, 53.928168, 53.961243, 53.979684, 54.971336, 54.976714 ],
		"startTime": "2021-05-10 13:48:53.032343576 +0200 CEST m=+0.013326771",
		"EndTime": "2021-05-10 14:06:46.482357814 +0200 CEST m=+1073.463341030",
		"totalTime":1.073450014259E+03
	},
	{
		"id": "34ru00mo5l",
		"nrOfEpochs": 18,
		"epochs": [ 2, 2, 2, 3, 4, 4, 5, 5 | 6, 6, 7, 7, 8, 8, 9, 9, 10, 10, 11, 11, 12, 12, 13, 13, 14, 14, 15, 15, 16, 16, 17, 17 ],
		"loss": [ 2.025631, 1.828159, 1.610566, 1.312554, 1.452423, 1.260483, 1.492837, 1.425773 | 1.280090, 1.382321, 1.209572, 1.316870, 1.322925, 1.269891, 1.300316, 0.919969, 0.837102, 0.951295, 0.714071, 0.766621, 0.628614, 0.592702, 0.487212, 0.423182, 0.566236, 0.335533, 0.248671, 0.412167, 0.390376, 0.390596, 0.355468, 0.359456 ],
		"servers": [ 1, 1, 1, 2, 1, 1, 2, 2 | 2, 2, 2, 2, 2, 2, 2, 2, 2, 2, 2, 2, 2, 2, 2, 2, 2, 2, 2, 2, 2, 2, 2, 2 ],
		"workers": [ 1, 1, 1, 1, 2, 2, 2, 2 | 2, 2, 2, 2, 2, 2, 2, 2, 2, 2, 2, 2, 2, 2, 2, 2, 2, 2, 2, 2, 2, 2, 2, 2 ],
		"cost": [ 44623.273811, 97609.746214, 97609.701296, 67267.779788, 211083.296524, 211083.296524, 265236.158475, 265236.158475 | 163819.728512, 163819.728512, 193211.892129, 193211.892129, 268576.459988, 268576.459988, 268898.292690, 268898.292690, 268320.535089, 268320.535089, 268320.579960, 268320.579960, 266471.000916, 266471.000916, 278237.717244, 278237.717244, 229338.462995, 229338.462995, 91533.236693, 91533.236693, 135626.512190, 135626.512190, 104053.193673, 104053.193673 ],
		"time": [ 51.407403, 32.212287, 30.736146, 32.461086, 49.136310, 49.185643, 50.278036, 50.326717 | 50.846675, 50.865788, 49.922366, 49.971772, 51.317282, 51.332216, 50.243217, 50.297648, 50.990444, 50.996307, 51.867631, 51.889131, 53.049689, 53.053031, 49.524637, 49.526727, 49.614048, 49.622124, 51.310156, 51.351506, 50.513441, 50.562985, 50.266927, 50.303902 ],
		"startTime": "2021-05-10 13:48:53.032343576 +0200 CEST m=+0.013326771",
		"EndTime": "2021-05-10 14:05:50.723343955 +0200 CEST m=+1017.704327167",
		"totalTime":1.017691000396E+03
	}
]