[
	{
		"id": "p5qi0pa8t6",
		"nrOfEpochs": 21,
		"epochs": [ 2, 2, 2, 3, 4, 4, 5, 5 | 6, 7, 8, 9, 10, 11, 12, 13, 14, 15, 16, 17, 18, 19, 20 ],
		"loss": [ 1.813547, 1.747554, 1.740586, 1.697406, 1.749773, 1.538143, 1.061460, 1.278180 | 1.288922, 0.969684, 1.116756, 0.836319, 0.738605, 0.592201, 0.850713, 0.783342, 0.495889, 0.627401, 0.369346, 0.516097, 0.205138, 0.306452, 0.404887 ],
		"servers": [ 1, 1, 1, 2, 1, 1, 2, 2 | 2, 2, 2, 2, 2, 2, 2, 2, 2, 2, 2, 2, 2, 2, 2 ],
		"workers": [ 1, 1, 1, 1, 2, 2, 2, 2 | 1, 1, 1, 1, 1, 1, 1, 1, 1, 1, 1, 1, 1, 1, 1 ],
		"cost": [ 110250.818075, 97402.937800, 97402.985724, 86292.052329, 100278.201619, 100278.201619, 217223.197073, 217223.197073 | 801.014294, 80810.413905, 80810.375363, 108486.707671, 113335.006973, 113335.094508, 116432.709304, 30910.971453, 30911.001161, 122494.995212, 19733.500646, 151316.694606, 151316.539248, 126466.695284, 126466.680005 ],
		"time": [ 70.490053, 38.891976, 40.511266, 39.129998, 56.728859, 56.734049, 53.909713, 53.992163 | 38.340460, 36.620126, 35.664410, 35.970440, 36.249819, 38.440431, 37.896097, 35.806536, 36.528786, 38.103229, 38.714801, 36.157699, 32.273321, 32.327813, 31.940575 ],
		"startTime": "2021-05-10 13:19:13.283642849 +0200 CEST m=+0.013283754",
		"EndTime": "2021-05-10 13:35:13.778240188 +0200 CEST m=+960.507881215",
		"totalTime":9.60494597461E+02
	},
	{
		"id": "jlsdoah6x2",
		"nrOfEpochs": 18,
		"epochs": [ 2, 2, 2, 3, 4, 4, 5, 5 | 6, 7, 8, 9, 10, 11, 12, 13, 14, 15, 16, 17 ],
		"loss": [ 2.204633, 2.204633, 1.747862, 1.791439, 1.676748, 1.549577, 1.463210, 1.469980 | 1.590191, 1.500793, 0.884993, 1.063508, 0.589339, 1.050556, 0.658590, 0.849397, 0.779920, 0.416434, 0.290754, 0.243507 ],
		"servers": [ 1, 1, 1, 2, 1, 1, 2, 2 | 2, 2, 2, 2, 2, 2, 2, 2, 2, 2, 2, 2 ],
		"workers": [ 1, 1, 1, 1, 2, 2, 2, 2 | 1, 1, 1, 1, 1, 1, 1, 1, 1, 1, 1, 1 ],
		"cost": [ 119042.137752, 71337.422382, 71337.498250, 116192.769384, 55218.938443, 55218.938443, 114225.554939, 114225.554939 | 112956.275277, 47412.729362, 113077.803962, 113077.821570, 55973.525542, 55973.514787, 131118.321858, 86006.478434, 131640.712819, 131640.748856, 24093.465953, 120159.653633 ],
		"time": [ 71.539761, 38.778765, 41.306000, 39.066242, 57.899151, 57.904479, 57.981644, 57.989864 | 39.077046, 35.614499, 36.112840, 36.546466, 36.828762, 36.556841, 36.936364, 36.349769, 36.844843, 37.747564, 36.963006, 36.332651 ],
		"startTime": "2021-05-10 13:19:13.283642849 +0200 CEST m=+0.013283754",
		"EndTime": "2021-05-10 13:33:29.326870683 +0200 CEST m=+856.056511629",
		"totalTime":8.56043227875E+02
	}
]